3.823 0.0383047 0.153219 9.49956 1009.16 54.0395 21.45 22.6625
4.331 -0.0383047 0.306437 9.34634 1009.16 54.0243 21.5 22.5756
4.734 0.191523 0.306437 9.69109 1009.26 54.0014 21.53 22.7493
5.137 0.0 0.229828 9.42295 1009.19 53.9709 21.55 22.5756
5.539 0.114914 0.153219 9.46126 1009.21 53.9251 21.56 22.6407
5.94 0.0766094 0.153219 9.34634 1009.22 53.8717 21.57 22.7277
6.341 0.0766094 0.306437 9.30804 1009.24 53.8106 21.58 22.6625
6.743 0.0383047 0.0766094 9.53786 1009.26 53.7649 21.59 22.771
7.145 -0.114914 0.191523 9.46126 1009.17 53.7191 21.6 22.6625
7.598 0.0766094 0.153219 9.61448 1009.26 53.6657 21.59 22.6842
8.003 0.0383047 0.229828 9.72939 1009.19 53.6199 21.61 22.6842
8.41 0.114914 0.344742 9.38465 1009.21 53.5894 21.61 22.6842
8.813 0.0766094 0.344742 9.72939 1009.22 53.5436 21.62 22.6625
9.217 -0.114914 0.229828 9.53786 1009.24 53.5207 21.62 22.5973
9.622 0.0 0.229828 9.53786 1009.24 53.4826 21.63 22.6842
10.03 0.0 0.306437 9.46126 1009.26 53.4597 21.64 22.7928
10.438 0.0383047 0.191523 9.34634 1009.17 53.4368 21.64 22.771
10.948 0.0 0.229828 9.30804 1009.22 53.4063 21.62 22.7493
11.355 0.0383047 0.229828 9.46126 1009.17 53.3758 21.65 22.7928
11.763 -0.0383047 0.0766094 9.46126 1009.21 53.3605 21.66 22.771
12.168 -0.114914 0.268133 9.61448 1009.22 53.3376 21.66 22.7493
12.575 0.0 0.229828 9.30804 1009.22 53.3147 21.67 22.6625
12.983 0.0383047 0.229828 9.49956 1009.24 53.2918 21.67 22.7058
13.389 0.0766094 0.344742 9.26973 1009.26 53.269 21.68 22.9232
13.796 0.114914 0.191523 9.61448 1009.26 53.2613 21.69 22.771
14.205 0.0383047 0.229828 9.65278 1009.17 53.2384 21.69 22.858
14.612 0.0766094 0.268133 9.34634 1009.27 53.2232 21.69 22.7058
15.02 0.0766094 0.229828 9.42295 1009.19 53.2079 21.69 22.7928
15.436 0.153219 0.268133 9.38465 1009.19 53.1927 21.7 22.771
15.843 -0.0766094 0.268133 9.53786 1009.2 53.185 21.71 22.858
16.254 -0.0766094 0.191523 9.57617 1009.22 53.185 21.72 22.7928
16.663 0.153219 0.344742 9.38465 1009.24 53.1774 21.72 22.8362
17.07 0.0 0.268133 9.26973 1009.24 53.1698 21.73 22.7928
17.478 0.0766094 0.191523 10.1124 1009.25 53.1621 21.73 22.858
17.981 0.0 0.268133 9.34634 1009.22 53.1545 21.72 22.771
18.381 0.0766094 0.268133 9.53786 1009.17 53.1545 21.73 22.7493
18.783 0.0383047 0.229828 9.42295 1009.19 53.1698 21.74 22.7928
19.185 -0.0383047 0.191523 9.65278 1009.19 53.1927 21.75 22.9232
19.588 -0.114914 0.306437 9.76769 1009.2 53.2003 21.76 22.8796
19.989 -0.0766094 0.229828 9.38465 1009.22 53.2003 21.77 22.7493
20.393 -0.191523 0.153219 9.69109 1009.22 53.2003 21.77 22.7928
20.795 -0.0383047 0.268133 9.42295 1009.14 53.2003 21.77 22.8796
21.219 0.0 0.344742 9.53786 1009.24 53.1927 21.77 22.858
21.62 0.0766094 0.191523 9.42295 1009.15 53.1927 21.78 22.858
22.021 0.153219 0.229828 9.49956 1009.15 53.1698 21.78 22.7493
22.424 -0.0383047 0.268133 9.34634 1009.17 53.1698 21.79 22.858
22.826 0.0383047 0.268133 9.53786 1009.29 53.1621 21.8 22.8362
23.229 0.0766094 0.268133 9.42295 1009.2 53.1621 21.8 22.9449
23.632 -0.0383047 0.268133 9.46126 1009.2 53.1774 21.81 22.9884
24.034 -0.0383047 0.153219 9.34634 1009.22 53.185 21.81 22.9232
24.53 0.153219 0.191523 9.49956 1009.19 53.185 21.8 22.9667
24.931 0.114914 1.18745 9.806 1009.24 53.185 21.81 22.9015
25.333 0.842703 4.13691 8.1589 1009.25 53.1545 21.83 23.0101
25.735 2.14506 6.47349 6.70332 1009.27 53.1164 21.84 22.9884
26.137 -0.57457 5.36266 6.81823 1009.18 53.1011 21.84 22.9449
26.539 -0.766094 2.4898 7.50772 1009.2 53.0782 21.85 22.9232
26.95 -5.28605 -1.07253 6.39688 1009.2 53.1469 21.85 22.9667
27.351 -3.98369 -3.06437 7.69924 1009.22 53.2842 21.86 22.9667
27.752 1.45558 -5.47757 7.92907 1009.22 53.4215 21.86 22.9884
28.157 5.13283 -3.14098 8.69516 1009.13 53.5589 21.86 22.9449
28.561 5.28605 0.306437 6.81823 1009.25 53.6123 21.87 22.9232
28.963 3.2559 2.25998 8.88668 1009.25 53.5741 21.88 23.0319
29.366 0.804398 3.33251 8.27381 1009.17 53.4902 21.88 22.9232
29.769 0.497961 4.59656 7.31619 1009.17 53.6352 21.89 22.9884
30.17 0.153219 5.43926 8.31211 1009.2 53.8183 21.89 23.0754
30.573 0.0766094 6.20536 7.46941 1009.22 54.1769 21.91 23.0319
30.975 0.0766094 6.05214 6.97145 1009.23 54.6651 21.92 23.0319
31.472 0.0383047 6.58841 6.58841 1009.15 60.7458 22.04 23.2931
31.875 0.153219 6.66501 6.58841 1009.09 65.2395 22.31 23.3367
32.277 0.268133 6.66501 6.70332 1009.16 69.3822 22.6 23.3367
32.681 0.153219 6.85654 7.16298 1009.14 72.4874 22.88 23.2495
33.083 -0.114914 5.09452 9.23143 1009.1 75.234 23.09 23.1625
33.487 0.268133 4.55826 8.69516 1009.19 76.737 23.22 23.2495
33.889 0.229828 4.59656 8.42703 1009.17 77.8966 23.26 23.2278
34.291 0.153219 5.55418 7.69924 1009.26 78.8427 23.26 23.2714
34.695 0.0 6.39688 7.08637 1009.14 79.4912 23.24 23.1625
35.099 0.229828 7.04806 5.89892 1009.19 79.8116 23.22 23.0972
35.505 -0.191523 7.43111 5.86062 1009.18 81.1925 23.22 23.2278
35.911 0.191523 7.20128 6.01384 1009.14 82.81 23.36 23.2495
36.314 0.0383047 7.04806 6.32027 1009.16 83.756 23.51 23.3585
36.717 -0.306437 5.40096 6.43519 1009.18 84.0307 23.61 23.0972
37.123 -0.306437 1.34066 8.54194 1009.26 84.0307 23.65 23.2278
37.526 0.153219 0.114914 9.30804 1009.19 83.9162 23.66 23.2931
38.028 0.0 0.268133 9.57617 1009.21 83.7255 23.63 23.2495
38.439 -0.0766094 0.268133 9.23143 1009.19 83.222 23.61 23.1406
38.843 0.0 0.383047 9.49956 1009.23 82.7489 23.58 23.0972
39.247 0.114914 0.268133 9.46126 1009.25 82.337 23.54 23.1842
39.651 0.0383047 0.268133 9.49956 1009.18 81.8258 23.5 23.1406
40.057 0.0 0.229828 9.49956 1009.22 81.4443 23.47 23.1625
40.461 -0.0383047 0.268133 9.69109 1009.25 80.8568 23.44 23.2278
