4.239 0.015408 0.00749946 0.015408 -27.0 -41.8 -50.4 0.217747 -0.136391 10.0068 -0.268133 -0.229828 9.49956 24.5387
4.667 0.018135 0.00218166 0.015817 -25.7 -42.4 -50.8 0.232104 -0.124427 9.9972 -0.229828 -0.268133 9.92091 24.5387
4.988 0.0241346 0.00654498 0.0179987 -26.8 -42.0 -51.2 0.277567 -0.0885344 10.0092 -0.268133 -0.268133 9.61448 24.5607
5.306 0.0179987 -0.00231801 0.0208621 -27.2 -41.4 -51.1 0.229711 -0.136391 9.96849 -0.191523 -0.306437 9.46126 24.5387
5.631 -0.43865 -0.11481 -0.00368155 -28.1 -43.4 -56.6 0.409173 -0.713061 9.801 0.114914 -0.306437 9.57617 24.4072
5.955 -0.951749 -0.0919024 0.0995382 -24.8 -41.6 -66.3 0.552742 -3.12502 9.52582 2.4898 -0.153219 9.42295 24.4949
6.278 -0.822213 -0.0707676 0.0380427 -21.2 -30.4 -72.5 0.78006 -5.80499 8.21216 5.17113 -0.191523 7.77585 24.4949
6.602 -0.713403 -0.141535 0.00749946 -18.8 -20.7 -75.0 0.911665 -8.17867 5.90788 5.17113 -0.306437 5.63079 24.4949
6.922 -0.428833 -0.0589048 -0.00204531 -16.4 -16.2 -74.3 1.01934 -8.8989 4.83829 8.1589 -0.191523 4.71148 24.5607
7.344 0.749673 0.196213 0.0385881 -17.2 -17.6 -74.1 0.868594 -8.57827 5.32642 7.85246 -0.229828 4.25182 24.4949
7.664 2.18752 0.158307 -0.0160897 -22.1 -35.8 -71.4 0.612562 -4.61097 8.77448 3.60064 -0.153219 9.30804 24.5167
7.983 0.721175 0.0613592 0.00627227 -24.2 -41.3 -53.6 0.232104 -0.437886 10.1623 -0.153219 -0.536266 10.5721 24.6045
8.303 0.0173169 0.0 0.0201804 -24.9 -41.0 -51.3 0.239282 -0.124427 10.0044 -0.344742 -0.306437 9.38465 24.5826
8.624 0.0340884 -0.431014 -0.0897208 -26.4 -43.9 -59.7 2.1009 1.34237 9.55693 -0.421352 0.0383047 9.38465 24.5167
8.947 0.107038 -1.27041 0.0646317 -27.3 -46.2 -78.4 3.34277 -0.282353 9.3344 -0.114914 2.4898 8.88668 24.6265
9.269 0.0927206 -0.940705 -0.0167715 -27.8 -45.1 -78.2 6.55155 0.717846 7.0995 -0.344742 5.43926 6.85654 24.5387
9.591 0.10622 -0.500145 0.0947659 -30.0 -45.7 -74.7 7.38186 -0.0765703 6.99661 -0.383047 6.66501 6.47349 24.4949
9.911 0.0141808 0.0962658 0.0233165 -30.2 -45.7 -74.1 8.38205 0.370887 5.86959 -0.229828 7.12467 5.7074 24.4729
10.327 0.00286343 1.71083 0.251845 -27.8 -45.7 -79.1 5.38385 0.234497 9.08554 -0.0766094 4.29012 8.65686 24.5167
10.649 -0.0612228 0.659816 0.130218 -30.3 -46.1 -72.4 1.77547 0.210568 10.2461 -0.459656 1.07253 9.49956 24.5167
10.968 0.115083 0.0571322 -0.0342248 -28.0 -40.6 -54.2 0.27996 -0.00717846 9.95414 -0.383047 -0.114914 9.65278 24.4949
11.297 0.00286343 0.00722675 -0.419288 -27.4 -40.3 -52.3 0.308674 -0.327817 10.2173 -0.497961 -0.229828 9.46126 24.6045
11.618 -0.00845393 -0.000545415 -0.866392 -15.7 -45.2 -49.3 0.51685 -0.265603 10.1264 -0.229828 -0.229828 9.61448 24.5607
11.987 0.00518144 0.015408 -0.0529053 2.6 -42.4 -62.1 0.275174 -0.232104 9.90389 0.0 -0.344742 9.72939 24.5607
12.311 0.0451331 0.00490873 0.599547 3.9 -41.8 -62.8 0.167497 0.18664 9.92303 -0.383047 0.0 9.72939 24.6045
12.633 0.0640863 0.0359974 1.44862 -4.7 -37.5 -64.9 0.325424 -0.325424 9.77946 0.0383047 -0.344742 9.61448 24.4729
12.957 0.0444513 0.0323158 1.16282 -13.1 -34.1 -68.1 0.0622134 0.136391 10.1049 -0.459656 -0.114914 9.42295 24.4511
13.379 0.0379063 0.0188168 0.548551 -17.6 -36.4 -71.1 -0.105284 -0.270389 10.3107 -0.268133 -0.421352 9.95922 24.5826
13.703 -0.00790852 -0.00463603 -0.641272 -17.5 -36.0 -71.7 0.179462 -0.430708 9.97328 0.114914 -0.536266 9.46126 24.5826
14.024 -0.015408 -0.0132263 -1.68288 -16.6 -34.9 -64.6 0.672383 -0.0334995 9.87757 -0.191523 -0.459656 9.23143 24.4729
14.347 0.000681769 -0.03777 -1.11701 -2.4 -39.7 -60.8 0.177069 0.0454636 9.73878 -0.497961 -0.268133 9.61448 24.5387
14.668 0.0201804 0.0185441 0.21353 -1.2 -41.0 -59.3 0.179462 0.0646062 10.014 -0.383047 -0.268133 9.23143 24.4949
14.994 0.0518144 0.0190895 0.964976 -8.9 -36.8 -62.4 0.239282 -0.610169 9.73639 -0.306437 -0.268133 9.88261 24.6045
15.315 0.0113174 0.011181 0.0147262 -9.6 -36.2 -60.8 -0.277567 -0.189033 10.1312 -0.229828 -0.497961 9.38465 24.5167
15.636 0.0184078 0.0073631 0.0185441 -9.3 -36.3 -61.6 0.229711 -0.117248 9.99242 -0.229828 -0.268133 9.49956 24.5387
15.959 0.0216803 0.0055905 0.0141808 -9.9 -36.6 -60.7 0.205783 -0.12682 9.9972 -0.114914 -0.306437 9.46126 24.6045
16.381 0.0235892 -0.000272708 0.0173169 -9.3 -36.9 -62.3 0.222532 -0.114855 9.98046 -0.153219 -0.344742 9.49956 24.6045
16.702 0.0144535 0.011181 0.0182714 -9.1 -36.1 -61.4 0.0717846 -0.227318 9.95892 -0.344742 -0.383047 9.42295 24.6265
17.026 0.0264526 0.00340884 0.0164988 -8.7 -36.2 -61.0 0.20339 -0.141176 9.87757 -0.421352 -0.383047 9.42295 24.5607
17.349 0.0129536 0.0124082 0.0128173 -8.9 -36.2 -61.6 0.222532 -0.129212 9.82253 -0.344742 -0.383047 9.30804 24.5826
17.667 0.0173169 0.00436332 0.0119991 -10.3 -37.0 -60.9 0.198604 -0.11007 9.7986 -0.0766094 -0.383047 9.46126 24.6484
17.991 0.0239983 -0.00272708 0.0106356 -9.4 -35.9 -60.5 0.303888 -0.0885344 9.88714 -0.229828 -0.344742 9.38465 24.6045
18.324 0.0144535 0.00163625 -0.117401 -10.2 -35.9 -60.5 0.0574277 -0.224925 9.9661 -0.0766094 -0.383047 9.30804 24.6045
