18:56:32 1.00 0.00000000 0.00000000 -99.00 -99.00 0.00 80.00 0.00 38.72 1011.22 33.73 9 5 17 
18:56:32 1.28 0.00000000 0.00000000 -99.00 -99.00 0.00 80.00 0.00 38.81 1011.31 33.69 9 5 17 
18:56:32 1.48 0.00000000 0.00000000 -99.00 -99.00 0.00 80.00 0.00 38.84 1011.26 33.63 9 5 17 
18:56:32 1.68 0.00000000 0.00000000 -99.00 -99.00 0.00 80.00 0.00 38.85 1011.25 33.59 9 5 17 
18:56:32 1.88 0.00000000 0.00000000 -99.00 -99.00 0.00 80.00 0.00 38.86 1011.25 33.56 9 5 17 
18:56:33 2.08 30.69354629 -88.17747497 -99.00 -99.00 67.50 80.00 0.00 38.86 1011.24 33.56 0 90 17 
18:56:33 2.29 30.69354629 -88.17747497 -99.00 -99.00 67.50 80.00 0.00 38.87 1011.27 33.62 0 90 17 
18:56:33 2.49 30.69354629 -88.17747497 -99.00 -99.00 67.50 80.00 0.00 38.87 1011.26 33.64 0 90 17 
18:56:33 2.69 30.69354629 -88.17747497 -99.00 -99.00 67.50 80.00 0.00 38.86 1011.30 33.65 0 90 17 
18:56:33 2.89 30.69354629 -88.17747497 -99.00 -99.00 67.50 80.00 0.00 38.85 1011.32 33.65 0 90 17 
18:56:34 3.09 30.69353866 -88.17749023 -99.00 -99.00 70.00 80.00 0.00 38.84 1011.27 33.69 0 90 17 
18:56:34 3.29 30.69353866 -88.17749023 -99.00 -99.00 70.00 80.00 0.00 38.84 1011.26 33.81 0 90 17 
18:56:34 3.49 30.69353866 -88.17749023 -99.00 -99.00 70.00 80.00 0.00 38.83 1011.27 33.88 0 90 17 
18:56:34 3.69 30.69353866 -88.17749023 -99.00 -99.00 70.00 80.00 0.00 38.83 1011.32 33.91 0 90 17 
18:56:34 3.89 30.69353866 -88.17749023 -99.00 -99.00 70.00 80.00 0.00 38.82 1011.22 33.91 0 90 17 
18:56:35 4.10 30.69354629 -88.17749023 -99.00 -99.00 73.40 80.00 0.00 38.82 1011.28 33.88 0 90 17 
18:56:35 4.30 30.69354629 -88.17749023 -99.00 -99.00 73.40 80.00 0.00 38.81 1011.30 33.92 0 90 17 
18:56:35 4.50 30.69354629 -88.17749023 -99.00 -99.00 73.40 80.00 0.00 38.79 1011.27 33.97 0 90 17 
18:56:35 4.70 30.69354629 -88.17749023 -99.00 -99.00 73.40 79.00 0.00 38.78 1011.26 34.04 0 90 17 
18:56:35 4.90 30.69354629 -88.17749023 -99.00 -99.00 73.40 79.00 0.00 38.79 1011.29 34.12 0 90 17 
18:56:36 5.10 30.69353866 -88.17749023 -99.00 -99.00 74.00 80.00 0.00 38.79 1011.29 34.21 0 90 17 
18:56:36 5.30 30.69353866 -88.17749023 -99.00 -99.00 74.00 80.00 0.00 38.79 1011.25 34.29 0 90 17 
18:56:36 5.50 30.69353866 -88.17749023 -99.00 -99.00 74.00 80.00 0.00 38.80 1011.27 34.49 0 90 17 
18:56:36 5.70 30.69353866 -88.17749023 -99.00 -99.00 74.00 79.00 0.00 38.79 1011.30 34.56 0 90 17 
18:56:36 5.90 30.69353866 -88.17749023 -99.00 -99.00 74.00 80.00 0.00 38.78 1011.28 34.64 0 90 17 
18:56:36 6.10 30.69353866 -88.17749023 -99.00 -99.00 74.00 80.00 0.00 38.78 1011.30 34.72 0 90 17 
18:56:36 6.30 30.69353866 -88.17749023 -99.00 -99.00 74.00 80.00 0.00 38.78 1011.29 34.68 0 90 17 
18:56:36 6.50 30.69353866 -88.17749023 -99.00 -99.00 74.00 80.00 0.00 38.78 1011.27 34.62 0 90 17 
18:56:36 6.71 30.69353866 -88.17749023 -99.00 -99.00 74.00 80.00 0.00 38.78 1011.25 34.57 0 90 17 
18:56:36 6.91 30.69353866 -88.17749023 -99.00 -99.00 74.00 80.00 0.00 38.77 1011.25 34.49 0 90 17 
18:56:38 7.11 30.69353866 -88.17749023 -99.00 -99.00 74.50 80.00 0.00 38.76 1011.31 34.46 9 5 17 
18:56:38 7.31 30.69353866 -88.17749023 -99.00 -99.00 74.50 80.00 0.00 38.76 1011.23 34.66 9 5 17 
18:56:38 7.51 30.69353866 -88.17749023 -99.00 -99.00 74.50 79.00 0.00 38.74 1011.27 34.89 9 5 17 
18:56:38 7.71 30.69353866 -88.17749023 -99.00 -99.00 74.50 80.00 0.00 38.73 1011.28 34.88 9 5 17 
18:56:38 7.91 30.69353866 -88.17749023 -99.00 -99.00 74.50 80.00 0.00 38.72 1011.25 34.80 9 5 17 
18:56:39 8.11 30.69354629 -88.17749023 -99.00 -99.00 73.90 79.00 0.00 38.70 1011.28 34.85 9 5 17 
18:56:39 8.31 30.69354629 -88.17749023 -99.00 -99.00 73.90 80.00 0.00 38.68 1011.27 34.74 9 5 17 
18:56:39 8.51 30.69354629 -88.17749023 -99.00 -99.00 73.90 80.00 0.00 38.65 1011.19 34.68 9 5 17 
18:56:39 8.71 30.69354629 -88.17749023 -99.00 -99.00 73.90 79.00 0.00 38.62 1011.17 34.88 9 5 17 
18:56:39 8.91 30.69354629 -88.17749023 -99.00 -99.00 73.90 79.00 0.00 38.60 1011.24 35.03 9 5 17 
18:56:39 9.11 30.69354629 -88.17749023 -99.00 -99.00 73.90 80.00 0.00 38.57 1011.20 35.14 9 5 17 
18:56:39 9.31 30.69354629 -88.17749023 -99.00 -99.00 73.90 80.00 0.00 38.56 1011.23 35.21 9 5 17 
18:56:39 9.52 30.69354629 -88.17749023 -99.00 -99.00 73.90 79.00 0.00 38.56 1011.26 35.25 9 5 17 
18:56:39 9.72 30.69354629 -88.17749023 -99.00 -99.00 73.90 80.00 0.00 38.56 1011.21 35.25 9 5 17 
18:56:39 9.92 30.69354629 -88.17749023 -99.00 -99.00 73.90 80.00 0.00 38.55 1011.22 35.32 9 5 17 
18:56:39 10.12 30.69354629 -88.17749023 -99.00 -99.00 73.90 80.00 0.00 38.54 1011.24 35.31 9 5 17 
18:56:39 10.32 30.69354629 -88.17749023 -99.00 -99.00 73.90 80.00 0.00 38.54 1011.16 35.42 9 5 17 
18:56:39 10.52 30.69354629 -88.17749023 -99.00 -99.00 73.90 79.00 0.00 38.53 1011.19 35.60 9 5 17 
18:56:39 10.72 30.69354629 -88.17749023 -99.00 -99.00 73.90 79.00 0.00 38.53 1011.20 35.61 9 5 17 
18:56:39 10.92 30.69354629 -88.17749023 -99.00 -99.00 73.90 79.00 0.00 38.52 1011.20 35.55 9 5 17 
18:56:39 11.12 30.69354629 -88.17749023 -99.00 -99.00 73.90 80.00 0.00 38.51 1011.19 35.56 9 5 17 
18:56:39 11.32 30.69354629 -88.17749023 -99.00 -99.00 73.90 79.00 0.00 38.51 1011.21 35.73 9 5 17 
18:56:39 11.52 30.69354629 -88.17749023 -99.00 -99.00 73.90 80.00 0.00 38.51 1011.22 35.86 9 5 17 
18:56:39 11.73 30.69354629 -88.17749023 -99.00 -99.00 73.90 80.00 0.00 38.50 1011.23 35.94 9 5 17 
18:56:39 11.93 30.69354629 -88.17749023 -99.00 -99.00 73.90 79.00 0.00 38.48 1011.16 35.96 9 5 17 
18:56:39 12.13 30.69354629 -88.17749023 -99.00 -99.00 73.90 80.00 0.00 38.47 1011.16 35.98 9 5 17 
18:56:39 12.33 30.69354629 -88.17749023 -99.00 -99.00 73.90 80.00 0.00 38.47 1011.17 36.00 9 5 17 
18:56:39 12.53 30.69354629 -88.17749023 -99.00 -99.00 73.90 80.00 0.00 38.47 1011.12 36.06 9 5 17 
18:56:39 12.73 30.69354629 -88.17749023 -99.00 -99.00 73.90 80.00 0.00 38.46 1011.15 36.07 9 5 17 
18:56:39 12.93 30.69354629 -88.17749023 -99.00 -99.00 73.90 79.00 0.00 38.44 1011.14 36.08 9 5 17 
18:56:40 13.13 30.69355964 -88.17747497 -99.00 -99.00 73.50 80.00 0.00 38.44 1011.17 36.08 9 5 17 
18:56:40 13.33 30.69355964 -88.17747497 -99.00 -99.00 73.50 80.00 0.00 38.43 1011.17 36.03 9 5 17 
18:56:40 13.53 30.69355964 -88.17747497 -99.00 -99.00 73.50 80.00 0.00 38.42 1011.14 35.93 9 5 17 
18:56:40 13.73 30.69355964 -88.17747497 -99.00 -99.00 73.50 80.00 0.00 38.39 1011.10 35.86 9 5 17 
18:56:40 13.93 30.69355964 -88.17747497 -99.00 -99.00 73.50 80.00 0.00 38.35 1011.12 35.79 9 5 17 
18:56:40 14.13 30.69355964 -88.17747497 -99.00 -99.00 73.50 79.00 0.00 38.32 1011.08 35.69 9 5 17 
18:56:40 14.33 30.69355964 -88.17747497 -99.00 -99.00 73.50 80.00 0.00 38.31 1011.10 35.65 9 5 17 
18:56:40 14.53 30.69355964 -88.17747497 -99.00 -99.00 73.50 80.00 0.00 38.29 1011.09 35.61 9 5 17 
18:56:46 14.74 30.69359970 -88.17723083 -99.00 -99.00 68.60 79.00 0.00 38.28 1011.06 35.53 9 5 17 
18:56:46 14.94 30.69359970 -88.17723083 -99.00 -99.00 68.60 80.00 0.00 38.26 1011.08 35.51 9 5 17 
18:56:46 15.14 30.69359970 -88.17723083 -99.00 -99.00 68.60 79.00 0.00 38.24 1011.06 35.50 9 5 17 
18:56:46 15.34 30.69359970 -88.17723083 -99.00 -99.00 68.60 80.00 0.00 38.23 1011.07 35.49 9 5 17 
18:56:46 15.54 30.69359970 -88.17723083 -99.00 -99.00 68.60 79.00 0.00 38.22 1011.04 35.46 9 5 17 
18:56:46 15.74 30.69359970 -88.17723083 -99.00 -99.00 68.60 79.00 0.00 38.20 1011.02 35.45 0 90 17 
18:56:47 15.94 30.69359207 -88.17714691 -99.00 -99.00 68.60 80.00 0.00 38.18 1011.04 35.50 0 90 17 
18:56:47 16.14 30.69359207 -88.17714691 -99.00 -99.00 68.60 80.00 0.00 38.16 1011.05 35.56 0 90 17 
18:56:47 16.34 30.69359207 -88.17714691 -99.00 -99.00 68.60 80.00 0.00 38.15 1011.01 35.56 0 90 17 
18:56:47 16.54 30.69359207 -88.17714691 -99.00 -99.00 68.60 79.00 0.00 38.14 1011.09 35.54 0 90 17 
18:56:48 16.75 30.69358253 -88.17704772 -99.00 -99.00 68.10 79.00 0.00 38.13 1011.02 35.55 0 90 17 
18:56:48 16.95 30.69358253 -88.17704772 -99.00 -99.00 68.10 79.00 0.00 38.12 1011.04 35.55 0 90 17 
18:56:48 17.15 30.69358253 -88.17704772 -99.00 -99.00 68.10 79.00 0.00 38.12 1011.04 35.54 0 90 17 
18:56:48 17.35 30.69358253 -88.17704772 -99.00 -99.00 68.10 79.00 0.00 38.10 1011.04 35.61 0 90 17 
18:56:48 17.55 30.69358253 -88.17704772 -99.00 -99.00 68.10 80.00 0.00 38.10 1011.02 35.58 0 90 17 
18:56:48 17.75 30.69357872 -88.17695617 -99.00 -99.00 67.20 79.00 0.00 38.09 1011.08 35.61 0 90 17 
18:56:48 17.95 30.69357872 -88.17695617 -99.00 -99.00 67.20 80.00 0.00 38.07 1011.03 35.51 0 90 17 
18:56:48 18.15 30.69357872 -88.17695617 -99.00 -99.00 67.20 79.00 0.00 38.05 1011.01 35.37 0 90 17 
18:56:48 18.35 30.69357872 -88.17695617 -99.00 -99.00 67.20 79.00 0.00 38.05 1011.01 35.21 0 90 17 
18:56:48 18.56 30.69357872 -88.17695617 -99.00 -99.00 67.20 79.00 0.00 38.05 1011.03 35.13 0 90 17 
18:56:50 18.76 30.69356727 -88.17684173 -99.00 -99.00 67.20 79.00 0.00 38.04 1010.99 35.11 0 90 17 
18:56:50 18.96 30.69356727 -88.17684173 -99.00 -99.00 67.20 80.00 0.00 38.04 1011.05 35.16 0 90 17 
18:56:50 19.16 30.69356727 -88.17684173 -99.00 -99.00 67.20 79.00 0.00 38.04 1010.99 35.20 0 90 17 
18:56:50 19.36 30.69356727 -88.17684173 -99.00 -99.00 67.20 80.00 0.00 38.04 1011.01 35.19 0 90 17 
18:56:50 19.56 30.69356727 -88.17684173 -99.00 -99.00 67.20 80.00 0.00 37.99 1010.71 35.15 0 90 17 
18:56:51 19.76 30.69355010 -88.17672729 -99.00 -99.00 66.70 81.00 0.00 37.78 1010.91 35.21 0 90 17 
18:56:51 19.96 30.69355010 -88.17672729 -99.00 -99.00 66.70 86.00 0.39 37.53 1011.00 35.30 0 9 17 
18:56:51 20.16 30.69355010 -88.17672729 -99.00 -99.00 66.70 113.00 2.99 37.30 1010.97 35.43 0 9 17 
18:56:51 20.36 30.69355010 -88.17672729 -99.00 -99.00 66.70 129.00 4.53 37.17 1010.86 35.51 0 9 17 
18:56:51 20.57 30.69355010 -88.17672729 -99.00 -99.00 66.70 137.00 5.30 37.02 1011.04 35.63 0 9 17 
18:56:52 20.77 30.69353866 -88.17661285 -99.00 -99.00 65.60 141.00 5.69 36.92 1010.91 35.79 0 9 17 
18:56:52 20.97 30.69353866 -88.17661285 -99.00 -99.00 65.60 142.00 5.78 36.80 1011.11 35.85 0 9 17 
18:56:52 21.17 30.69353866 -88.17661285 -99.00 -99.00 65.60 142.00 5.78 36.71 1010.89 35.94 0 9 17 
18:56:52 21.37 30.69353866 -88.17661285 -99.00 -99.00 65.60 142.00 5.78 36.62 1011.26 36.00 0 9 17 
18:56:52 21.57 30.69353866 -88.17661285 -99.00 -99.00 65.60 142.00 5.78 36.55 1011.07 36.08 0 9 17 
18:56:52 21.77 30.69352149 -88.17648315 -99.00 -99.00 62.40 142.00 5.78 36.51 1011.15 36.16 0 9 17 
18:56:52 21.97 30.69352149 -88.17648315 -99.00 -99.00 62.40 143.00 5.88 36.45 1011.16 36.24 0 90 17 
18:56:52 22.17 30.69352149 -88.17648315 -99.00 -99.00 62.40 144.00 5.98 36.39 1010.99 36.35 0 90 17 
18:56:52 22.38 30.69352149 -88.17648315 -99.00 -99.00 62.40 143.00 5.88 36.35 1011.04 36.45 0 90 17 
18:56:52 22.58 30.69352149 -88.17648315 -99.00 -99.00 62.40 143.00 5.88 36.32 1010.84 36.55 0 90 17 
18:56:54 22.78 30.69350624 -88.17635345 -99.00 -99.00 60.60 143.00 5.88 36.27 1011.08 36.61 0 90 17 
18:56:54 22.98 30.69350624 -88.17635345 -99.00 -99.00 60.60 143.00 5.88 36.19 1011.10 36.72 0 90 17 
18:56:54 23.18 30.69350624 -88.17635345 -99.00 -99.00 60.60 144.00 5.98 36.14 1011.17 36.82 0 90 17 
18:56:54 23.38 30.69350624 -88.17635345 -99.00 -99.00 60.60 143.00 5.88 36.06 1011.16 36.88 0 90 17 
18:56:54 23.58 30.69350624 -88.17635345 -99.00 -99.00 60.60 140.00 5.59 36.01 1011.13 36.97 0 90 17 
18:56:55 23.78 30.69348526 -88.17623901 -99.00 -99.00 58.70 138.00 5.40 35.98 1011.28 37.04 0 90 17 
18:56:55 23.98 30.69348526 -88.17623901 -99.00 -99.00 58.70 137.00 5.30 35.96 1010.95 37.07 0 90 17 
18:56:55 24.19 30.69348526 -88.17623901 -99.00 -99.00 58.70 136.00 5.21 35.94 1011.24 37.10 0 90 17 
18:56:55 24.39 30.69348526 -88.17623901 -99.00 -99.00 58.70 135.00 5.11 35.92 1011.18 37.13 0 90 17 
18:56:55 24.59 30.69348526 -88.17623901 -99.00 -99.00 58.70 133.00 4.92 35.93 1011.19 37.22 0 90 17 
18:56:56 24.79 30.69348526 -88.17613983 -99.00 -99.00 58.90 132.00 4.82 35.94 1011.22 37.37 0 90 17 
18:56:56 24.99 30.69348526 -88.17613983 -99.00 -99.00 58.90 131.00 4.73 35.95 1011.09 37.48 0 90 17 
18:56:56 25.19 30.69348526 -88.17613983 -99.00 -99.00 58.90 130.00 4.63 35.97 1011.20 37.61 0 90 17 
18:56:56 25.39 30.69348526 -88.17613983 -99.00 -99.00 58.90 129.00 4.53 35.98 1011.27 37.62 0 90 17 
18:56:56 25.59 30.69348526 -88.17613983 -99.00 -99.00 58.90 128.00 4.44 35.99 1011.21 37.62 0 90 17 
18:56:56 25.79 30.69347763 -88.17604064 -99.00 -99.00 58.40 125.00 4.15 36.00 1011.30 37.60 0 90 17 
18:56:56 26.00 30.69347763 -88.17604064 -99.00 -99.00 58.40 124.00 4.05 36.00 1011.31 37.65 0 90 17 
18:56:56 26.20 30.69347763 -88.17604064 -99.00 -99.00 58.40 122.00 3.86 36.00 1011.35 37.67 0 90 17 
18:56:56 26.40 30.69347763 -88.17604064 -99.00 -99.00 58.40 120.00 3.67 36.00 1011.25 37.67 0 90 17 
18:56:56 26.60 30.69347763 -88.17604064 -99.00 -99.00 58.40 117.00 3.38 36.02 1011.30 37.58 0 90 17 
18:56:58 26.80 30.69348144 -88.17595672 -99.00 -99.00 58.40 116.00 3.28 36.05 1011.34 37.47 0 90 17 
18:56:58 27.00 30.69348144 -88.17595672 -99.00 -99.00 58.40 112.00 2.90 36.08 1011.35 37.37 0 90 17 
18:56:58 27.20 30.69348144 -88.17595672 -99.00 -99.00 58.40 111.00 2.80 36.12 1011.32 37.30 0 90 17 
18:56:58 27.40 30.69348144 -88.17595672 -99.00 -99.00 58.40 107.00 2.41 36.15 1011.37 37.17 0 90 17 
18:56:58 27.61 30.69348144 -88.17595672 -99.00 -99.00 58.40 105.00 2.22 36.17 1011.41 37.02 0 90 17 
18:56:59 27.81 30.69349288 -88.17591094 -99.00 -99.00 58.90 103.00 2.03 36.19 1011.39 37.00 9 5 17 
18:56:59 28.01 30.69349288 -88.17591094 -99.00 -99.00 58.90 100.00 1.74 36.21 1011.40 36.92 9 5 17 
18:56:59 28.21 30.69349288 -88.17591094 -99.00 -99.00 58.90 99.00 1.64 36.23 1011.44 36.87 9 5 17 
18:56:59 28.41 30.69349288 -88.17591094 -99.00 -99.00 58.90 99.00 1.64 36.25 1011.43 36.72 9 5 17 
18:56:59 28.61 30.69349288 -88.17591094 -99.00 -99.00 58.90 96.00 1.36 36.24 1011.41 36.67 9 5 17 
18:57:0 28.81 30.69350624 -88.17586517 -99.00 -99.00 59.10 95.00 1.26 36.22 1011.39 36.56 9 5 17 
18:57:0 29.01 30.69350624 -88.17586517 -99.00 -99.00 59.10 94.00 1.16 36.22 1011.42 36.53 9 5 17 
18:57:0 29.21 30.69350624 -88.17586517 -99.00 -99.00 59.10 94.00 1.16 36.21 1011.42 36.53 9 5 17 
18:57:0 29.42 30.69350624 -88.17586517 -99.00 -99.00 59.10 94.00 1.16 36.17 1011.41 36.52 9 5 17 
18:57:0 29.62 30.69350624 -88.17586517 -99.00 -99.00 59.10 94.00 1.16 36.14 1011.38 36.51 9 5 17 
18:57:0 29.82 30.69353103 -88.17582702 -99.00 -99.00 58.80 94.00 1.16 36.11 1011.38 36.52 9 5 17 
18:57:0 30.02 30.69353103 -88.17582702 -99.00 -99.00 58.80 94.00 1.16 36.10 1011.40 36.51 9 5 17 
18:57:0 30.22 30.69353103 -88.17582702 -99.00 -99.00 58.80 94.00 1.16 36.08 1011.41 36.53 9 5 17 
18:57:0 30.42 30.69353103 -88.17582702 -99.00 -99.00 58.80 94.00 1.16 36.06 1011.45 36.52 9 5 17 
18:57:0 30.62 30.69353103 -88.17582702 -99.00 -99.00 58.80 94.00 1.16 36.04 1011.44 36.55 9 5 17 
18:57:0 30.82 30.69353103 -88.17582702 -99.00 -99.00 58.80 94.00 1.16 36.01 1011.40 36.50 9 5 17 
18:57:0 31.02 30.69353103 -88.17582702 -99.00 -99.00 58.80 94.00 1.16 35.99 1011.37 36.49 9 5 17 
18:57:0 31.23 30.69353103 -88.17582702 -99.00 -99.00 58.80 94.00 1.16 35.98 1011.34 36.51 9 5 17 
18:57:0 31.43 30.69353103 -88.17582702 -99.00 -99.00 58.80 94.00 1.16 35.98 1011.39 36.53 9 5 17 
18:57:0 31.63 30.69353103 -88.17582702 -99.00 -99.00 58.80 94.00 1.16 35.98 1011.36 36.56 9 5 17 
18:57:2 31.83 30.69356727 -88.17578125 -99.00 -99.00 59.00 94.00 1.16 35.98 1011.33 36.59 9 5 17 
18:57:2 32.03 30.69356727 -88.17578125 -99.00 -99.00 59.00 94.00 1.16 35.96 1011.25 36.61 9 5 17 
18:57:2 32.23 30.69356727 -88.17578125 -99.00 -99.00 59.00 88.00 0.59 35.94 1011.43 36.63 9 5 17 
18:57:2 32.43 30.69356727 -88.17578125 -99.00 -99.00 59.00 83.00 0.10 35.88 1011.09 36.66 9 5 17 
18:57:2 32.63 30.69356727 -88.17578125 -99.00 -99.00 59.00 105.00 2.22 35.81 1011.18 36.74 9 5 17 
18:57:2 32.84 30.69356727 -88.17578125 -99.00 -99.00 59.00 111.00 2.80 35.71 1011.20 36.70 9 5 17 
18:57:2 33.04 30.69356727 -88.17578125 -99.00 -99.00 59.00 120.00 3.67 35.63 1011.19 36.78 9 5 17 
18:57:2 33.24 30.69356727 -88.17578125 -99.00 -99.00 59.00 127.00 4.34 35.56 1011.09 36.83 9 5 17 
18:57:2 33.44 30.69356727 -88.17578125 -99.00 -99.00 59.00 132.00 4.82 35.49 1011.20 36.89 9 5 17 
18:57:2 33.64 30.69356727 -88.17578125 -99.00 -99.00 59.00 135.00 5.11 35.46 1011.25 36.93 9 5 17 
18:57:2 33.84 30.69356727 -88.17578125 -99.00 -99.00 59.00 136.00 5.21 35.42 1011.46 36.98 9 5 17 
18:57:2 34.04 30.69356727 -88.17578125 -99.00 -99.00 59.00 139.00 5.50 35.35 1010.83 37.08 9 5 17 
18:57:2 34.24 30.69356727 -88.17578125 -99.00 -99.00 59.00 144.00 5.98 35.25 1011.23 37.17 9 5 17 
18:57:2 34.44 30.69356727 -88.17578125 -99.00 -99.00 59.00 147.00 6.27 35.13 1011.06 37.27 9 5 17 
18:57:2 34.65 30.69356727 -88.17578125 -99.00 -99.00 59.00 150.00 6.55 35.03 1011.20 37.38 9 5 17 
18:57:2 34.85 30.69356727 -88.17578125 -99.00 -99.00 59.00 150.00 6.55 34.95 1010.77 37.47 9 5 17 
18:57:2 35.05 30.69356727 -88.17578125 -99.00 -99.00 59.00 150.00 6.55 34.88 1010.99 37.55 9 5 17 
18:57:2 35.25 30.69356727 -88.17578125 -99.00 -99.00 59.00 151.00 6.65 34.83 1011.12 37.62 9 5 17 
18:57:2 35.45 30.69356727 -88.17578125 -99.00 -99.00 59.00 151.00 6.65 34.75 1010.89 37.70 9 5 17 
18:57:2 35.65 30.69356727 -88.17578125 -99.00 -99.00 59.00 150.00 6.55 34.68 1010.96 37.81 9 5 17 
18:57:2 35.85 30.69356727 -88.17578125 -99.00 -99.00 59.00 150.00 6.55 34.61 1011.01 37.89 9 5 17 
18:57:2 36.05 30.69356727 -88.17578125 -99.00 -99.00 59.00 149.00 6.46 34.56 1010.94 37.95 9 5 17 
18:57:2 36.26 30.69356727 -88.17578125 -99.00 -99.00 59.00 147.00 6.27 34.52 1011.04 38.02 9 5 17 
18:57:2 36.46 30.69356727 -88.17578125 -99.00 -99.00 59.00 145.00 6.07 34.47 1011.20 38.10 9 5 17 
18:57:2 36.66 30.69356727 -88.17578125 -99.00 -99.00 59.00 144.00 5.98 34.43 1011.12 38.17 9 5 17 
18:57:2 36.86 30.69356727 -88.17578125 -99.00 -99.00 59.00 143.00 5.88 34.37 1010.97 38.23 9 5 17 
18:57:2 37.06 30.69356727 -88.17578125 -99.00 -99.00 59.00 142.00 5.78 34.35 1011.09 38.30 9 5 17 
18:57:2 37.26 30.69356727 -88.17578125 -99.00 -99.00 59.00 142.00 5.78 34.33 1010.93 38.38 9 5 17 
18:57:2 37.46 30.69356727 -88.17578125 -99.00 -99.00 59.00 143.00 5.88 34.29 1011.10 38.43 9 5 17 
18:57:2 37.66 30.69356727 -88.17578125 -99.00 -99.00 59.00 142.00 5.78 34.26 1011.06 38.45 9 5 17 
18:57:4 37.86 30.69366455 -88.17575073 -99.00 -99.00 59.50 142.00 5.78 34.26 1010.91 38.48 9 5 17 
18:57:4 38.06 30.69366455 -88.17575073 -99.00 -99.00 59.50 140.00 5.59 34.27 1011.02 38.51 9 5 17 
18:57:4 38.27 30.69366455 -88.17575073 -99.00 -99.00 59.50 139.00 5.50 34.27 1010.98 38.52 9 5 17 
18:57:4 38.47 30.69366455 -88.17575073 -99.00 -99.00 59.50 137.00 5.30 34.28 1010.96 38.54 9 5 17 
18:57:4 38.67 30.69366455 -88.17575073 -99.00 -99.00 59.50 135.00 5.11 34.27 1011.17 38.58 9 5 17 
18:57:4 38.87 30.69366455 -88.17575073 -99.00 -99.00 59.50 135.00 5.11 34.24 1011.16 38.57 9 5 17 
18:57:4 39.07 30.69366455 -88.17575073 -99.00 -99.00 59.50 133.00 4.92 34.23 1011.05 38.58 9 5 17 
18:57:4 39.27 30.69366455 -88.17575073 -99.00 -99.00 59.50 131.00 4.73 34.23 1011.03 38.57 9 5 17 
18:57:4 39.47 30.69366455 -88.17575073 -99.00 -99.00 59.50 130.00 4.63 34.22 1011.12 38.57 9 5 17 
18:57:4 39.68 30.69366455 -88.17575073 -99.00 -99.00 59.50 127.00 4.34 34.22 1011.12 38.56 9 5 17 
18:57:10 39.88 30.69401931 -88.17576599 -99.00 -99.00 58.00 127.00 4.34 34.22 1011.12 38.55 9 5 17 
18:57:10 40.08 30.69401931 -88.17576599 -99.00 -99.00 58.00 123.00 3.95 34.25 1011.12 38.54 9 5 17 
18:57:10 40.28 30.69401931 -88.17576599 -99.00 -99.00 58.00 121.00 3.76 34.25 1011.15 38.53 9 5 17 
18:57:10 40.48 30.69401931 -88.17576599 -99.00 -99.00 58.00 119.00 3.57 34.25 1011.11 38.54 9 5 17 
18:57:10 40.68 30.69401931 -88.17576599 -99.00 -99.00 58.00 117.00 3.38 34.26 1011.09 38.55 9 5 17 
18:57:12 40.88 30.69413566 -88.17578125 -99.00 -99.00 59.00 117.00 3.38 34.24 1011.12 38.59 9 5 17 
18:57:12 41.08 30.69413566 -88.17578125 -99.00 -99.00 59.00 117.00 3.38 34.19 1011.06 38.66 9 5 17 
18:57:12 41.28 30.69413566 -88.17578125 -99.00 -99.00 59.00 118.00 3.47 34.16 1010.92 38.73 9 5 17 
18:57:12 41.49 30.69413566 -88.17578125 -99.00 -99.00 59.00 120.00 3.67 34.10 1011.01 38.77 9 5 17 
18:57:12 41.69 30.69413566 -88.17578125 -99.00 -99.00 59.00 121.00 3.76 34.05 1011.17 38.92 9 5 17 
18:57:12 41.89 30.69418907 -88.17578125 -99.00 -99.00 58.90 122.00 3.86 34.01 1011.11 38.91 9 5 17 
18:57:12 42.09 30.69418907 -88.17578125 -99.00 -99.00 58.90 123.00 3.95 33.98 1011.08 38.95 9 5 17 
18:57:12 42.29 30.69418907 -88.17578125 -99.00 -99.00 58.90 123.00 3.95 33.96 1011.14 38.97 9 5 17 
18:57:12 42.49 30.69418907 -88.17578125 -99.00 -99.00 58.90 121.00 3.76 33.96 1011.09 39.01 9 5 17 
18:57:12 42.69 30.69418907 -88.17578125 -99.00 -99.00 58.90 120.00 3.67 33.93 1011.11 39.04 9 5 17 
18:57:13 42.89 18.00095558 -0.00146660 -99.00 -99.00 0.00 119.00 3.57 33.92 1011.20 39.08 9 5 17 
18:57:13 43.10 18.00095558 -0.00146660 -99.00 -99.00 0.00 118.00 3.47 33.90 1011.19 39.07 9 5 17 
18:57:13 43.30 18.00095558 -0.00146660 -99.00 -99.00 0.00 117.00 3.38 33.88 1011.20 39.08 9 5 17 
18:57:13 43.50 18.00095558 -0.00146660 -99.00 -99.00 0.00 116.00 3.28 33.88 1011.18 39.10 9 5 17 
18:57:13 43.70 18.00095558 -0.00146660 -99.00 -99.00 0.00 114.00 3.09 33.88 1011.15 39.11 9 5 17 
18:57:14 43.90 0.00005000 -125.81666564 -99.00 -99.00 0.00 112.00 2.90 33.89 1011.21 39.12 9 5 17 
18:57:14 44.10 0.00005000 -125.81666564 -99.00 -99.00 0.00 112.00 2.90 33.91 1011.22 39.14 9 5 17 
18:57:14 44.30 0.00005000 -125.81666564 -99.00 -99.00 0.00 110.00 2.70 33.90 1011.25 39.18 9 5 17 
18:57:14 44.50 0.00005000 -125.81666564 -99.00 -99.00 0.00 109.00 2.61 33.90 1011.22 39.21 9 5 17 
18:57:14 44.70 0.00005000 -125.81666564 -99.00 -99.00 0.00 107.00 2.41 33.89 1011.27 39.25 9 5 17 
18:57:15 44.90 0.00050160 -88.17578125 -99.00 -99.00 0.00 107.00 2.41 33.89 1011.25 39.31 9 5 17 
18:57:15 45.11 0.00050160 -88.17578125 -99.00 -99.00 0.00 106.00 2.32 33.89 1011.25 39.37 9 5 17 
18:57:15 45.31 0.00050160 -88.17578125 -99.00 -99.00 0.00 105.00 2.22 33.90 1011.27 39.41 9 5 17 
18:57:15 45.51 0.00050160 -88.17578125 -99.00 -99.00 0.00 104.00 2.13 33.89 1011.25 39.47 9 5 17 
18:57:15 45.71 0.00050160 -88.17578125 -99.00 -99.00 0.00 103.00 2.03 33.88 1011.24 39.51 9 5 17 
18:57:16 45.91 0.00050160 88.00000000 -99.00 -99.00 0.00 103.00 2.03 33.88 1011.25 39.57 9 5 17 
18:57:16 46.11 0.00050160 88.00000000 -99.00 -99.00 0.00 101.00 1.84 33.88 1011.22 39.60 9 5 17 
18:57:16 46.31 0.00050160 88.00000000 -99.00 -99.00 0.00 101.00 1.84 33.90 1011.29 39.64 9 5 17 
18:57:16 46.51 0.00050160 88.00000000 -99.00 -99.00 0.00 100.00 1.74 33.92 1011.22 39.69 9 5 17 
18:57:16 46.72 0.00050160 88.00000000 -99.00 -99.00 0.00 99.00 1.64 33.94 1011.26 39.75 9 5 17 
18:57:16 46.92 0.00050160 88.00001525 -99.00 -99.00 0.00 99.00 1.64 33.95 1011.27 39.75 9 5 17 
18:57:16 47.12 0.00050160 88.00001525 -99.00 -99.00 0.00 98.00 1.55 33.96 1011.25 39.77 9 5 17 
18:57:16 47.32 0.00050160 88.00001525 -99.00 -99.00 0.00 98.00 1.55 33.95 1011.28 39.80 9 5 17 
18:57:16 47.52 0.00050160 88.00001525 -99.00 -99.00 0.00 98.00 1.55 33.94 1011.29 39.79 9 5 17 
18:57:18 47.73 0.00050160 88.00000000 -99.00 -99.00 0.00 98.00 1.55 33.91 1011.25 39.82 9 5 17 
18:57:18 47.93 0.00050160 88.00000000 -99.00 -99.00 0.00 98.00 1.55 33.90 1011.36 39.82 9 5 17 
18:57:18 48.13 0.00050160 88.00000000 -99.00 -99.00 0.00 98.00 1.55 33.86 1011.29 39.84 9 5 17 
18:57:18 48.33 0.00050160 88.00000000 -99.00 -99.00 0.00 98.00 1.55 33.81 1011.28 39.87 9 5 17 
18:57:18 48.54 0.00050160 88.00000000 -99.00 -99.00 0.00 98.00 1.55 33.79 1011.24 39.90 9 5 17 
18:57:18 48.74 0.00050160 88.00000000 -99.00 -99.00 0.00 101.00 1.84 33.76 1011.25 39.92 9 5 17 
18:57:19 48.94 30.69432449 -88.17568206 -99.00 -99.00 0.00 101.00 1.84 33.73 1011.28 39.96 9 5 17 
18:57:19 49.14 30.69432449 -88.17568206 -99.00 -99.00 0.00 104.00 2.13 33.72 1011.30 39.97 9 5 17 
18:57:19 49.34 30.69432449 -88.17568206 -99.00 -99.00 0.00 105.00 2.22 33.72 1011.26 39.95 9 5 17 
18:57:19 49.54 30.69432449 -88.17568206 -99.00 -99.00 0.00 106.00 2.32 33.72 1011.24 39.97 9 5 17 
18:57:20 49.75 0.00050160 -88.17563629 -99.00 -99.00 0.00 107.00 2.41 33.72 1011.27 39.91 9 5 17 
18:57:20 49.95 0.00050160 -88.17563629 -99.00 -99.00 0.00 108.00 2.51 33.72 1011.31 39.97 9 5 17 
18:57:20 50.15 0.00050160 -88.17563629 -99.00 -99.00 0.00 109.00 2.61 33.71 1011.27 39.96 9 5 17 
18:57:20 50.35 0.00050160 -88.17563629 -99.00 -99.00 0.00 109.00 2.61 33.69 1011.25 39.99 9 5 17 
18:57:20 50.55 0.00050160 -88.17563629 -99.00 -99.00 0.00 109.00 2.61 33.67 1011.31 40.00 9 5 17 
18:57:20 50.75 30.69431877 -88.17556762 -99.00 -99.00 0.00 108.00 2.51 33.64 1011.21 40.02 0 90 17 
18:57:22 50.96 30.69431877 -88.17550659 -99.00 -99.00 0.00 108.00 2.51 33.61 1011.32 40.06 0 90 17 
18:57:22 51.16 30.69431877 -88.17550659 -99.00 -99.00 0.00 108.00 2.51 33.60 1011.29 40.09 0 90 17 
18:57:22 51.36 30.69431877 -88.17550659 -99.00 -99.00 0.00 108.00 2.51 33.59 1011.31 40.13 0 90 17 
18:57:22 51.56 30.69431877 -88.17550659 -99.00 -99.00 0.00 108.00 2.51 33.57 1011.26 40.18 0 90 17 
18:57:23 51.76 30.69431877 -88.17545318 -99.00 -99.00 58.00 107.00 2.41 33.55 1011.33 40.25 0 90 17 
18:57:23 51.96 30.69431877 -88.17545318 -99.00 -99.00 58.00 106.00 2.32 33.53 1011.32 40.19 9 5 17 
18:57:23 52.16 30.69431877 -88.17545318 -99.00 -99.00 58.00 106.00 2.32 33.51 1011.36 40.18 9 5 17 
18:57:23 52.36 30.69431877 -88.17545318 -99.00 -99.00 58.00 105.00 2.22 33.48 1011.37 40.18 9 5 17 
18:57:23 52.56 30.69431877 -88.17545318 -99.00 -99.00 58.00 104.00 2.13 33.47 1011.37 40.17 9 5 17 
18:57:24 52.76 30.69431877 -88.17540740 -99.00 -99.00 57.80 103.00 2.03 33.45 1011.35 40.14 9 5 17 
18:57:24 52.97 30.69431877 -88.17540740 -99.00 -99.00 57.80 103.00 2.03 33.44 1011.31 40.17 9 5 17 
18:57:24 53.17 30.69431877 -88.17540740 -99.00 -99.00 57.80 102.00 1.93 33.44 1011.35 40.19 9 5 17 
18:57:24 53.37 30.69431877 -88.17540740 -99.00 -99.00 57.80 102.00 1.93 33.44 1011.33 40.20 9 5 17 
18:57:24 53.57 30.69431877 -88.17540740 -99.00 -99.00 57.80 101.00 1.84 33.45 1011.39 40.20 9 5 17 
18:57:24 53.77 30.69431877 -88.17536163 -99.00 -99.00 58.10 100.00 1.74 33.45 1011.41 40.19 9 5 17 
18:57:24 53.97 30.69431877 -88.17536163 -99.00 -99.00 58.10 100.00 1.74 33.47 1011.38 40.14 9 5 17 
18:57:24 54.17 30.69431877 -88.17536163 -99.00 -99.00 58.10 99.00 1.64 33.47 1011.37 40.16 9 5 17 
18:57:24 54.37 30.69431877 -88.17536163 -99.00 -99.00 58.10 98.00 1.55 33.47 1011.38 40.12 9 5 17 
18:57:24 54.57 30.69431877 -88.17536163 -99.00 -99.00 58.10 98.00 1.55 33.48 1011.39 40.08 9 5 17 
18:57:26 54.77 30.69432830 -88.17532348 -99.00 -99.00 57.60 97.00 1.45 33.50 1011.40 40.10 9 5 17 
18:57:26 54.97 30.69432830 -88.17532348 -99.00 -99.00 57.60 96.00 1.36 33.52 1011.38 40.01 9 5 17 
18:57:26 55.18 30.69432830 -88.17532348 -99.00 -99.00 57.60 96.00 1.36 33.54 1011.35 39.99 9 5 17 
18:57:26 55.38 30.69432830 -88.17532348 -99.00 -99.00 57.60 96.00 1.36 33.54 1011.42 40.03 9 5 17 
18:57:26 55.58 30.69432830 -88.17532348 -99.00 -99.00 57.60 95.00 1.26 33.54 1011.44 39.95 9 5 17 
18:57:27 55.78 30.69434356 -88.17529296 -99.00 -99.00 57.10 94.00 1.16 33.52 1011.42 39.79 9 5 17 
18:57:27 55.98 30.69434356 -88.17529296 -99.00 -99.00 57.10 94.00 1.16 33.49 1011.35 39.66 9 5 17 
18:57:27 56.18 30.69434356 -88.17529296 -99.00 -99.00 57.10 94.00 1.16 33.47 1011.41 39.58 9 5 17 
18:57:27 56.38 30.69434356 -88.17529296 -99.00 -99.00 57.10 94.00 1.16 33.45 1011.36 39.51 9 5 17 
18:57:27 56.58 30.69434356 -88.17529296 -99.00 -99.00 57.10 94.00 1.16 33.43 1011.42 39.42 9 5 17 
18:57:28 56.79 30.69437217 -88.17526245 -99.00 -99.00 56.90 94.00 1.16 33.42 1011.37 39.38 9 5 17 
18:57:28 56.99 30.69437217 -88.17526245 -99.00 -99.00 56.90 94.00 1.16 33.41 1011.35 39.47 9 5 17 
18:57:28 57.19 30.69437217 -88.17526245 -99.00 -99.00 56.90 94.00 1.16 33.41 1011.38 39.52 9 5 17 
18:57:28 57.39 30.69437217 -88.17526245 -99.00 -99.00 56.90 94.00 1.16 33.42 1011.31 39.55 9 5 17 
18:57:28 57.59 30.69437217 -88.17526245 -99.00 -99.00 56.90 94.00 1.16 33.42 1011.40 39.56 9 5 17 
18:57:28 57.79 30.69440460 -88.17524719 -99.00 -99.00 56.70 93.00 1.07 33.43 1011.43 39.59 9 5 17 
18:57:28 57.99 30.69440460 -88.17524719 -99.00 -99.00 56.70 93.00 1.07 33.43 1011.36 39.56 9 5 17 
18:57:28 58.19 30.69440460 -88.17524719 -99.00 -99.00 56.70 93.00 1.07 33.43 1011.44 39.55 9 5 17 
18:57:28 58.39 30.69440460 -88.17524719 -99.00 -99.00 56.70 93.00 1.07 33.44 1011.31 39.58 9 5 17 
18:57:28 58.60 30.69440460 -88.17524719 -99.00 -99.00 56.70 93.00 1.07 33.44 1011.39 39.60 9 5 17 
18:57:30 58.80 30.69444084 -88.17524719 -99.00 -99.00 56.80 91.00 0.87 33.45 1011.38 39.60 9 5 17 
18:57:30 59.00 30.69444084 -88.17524719 -99.00 -99.00 56.80 89.00 0.68 33.45 1011.37 39.59 9 5 17 
18:57:30 59.20 30.69444084 -88.17524719 -99.00 -99.00 56.80 89.00 0.68 33.45 1011.27 39.60 9 5 17 
18:57:30 59.40 30.69444084 -88.17524719 -99.00 -99.00 56.80 89.00 0.68 33.44 1011.33 39.69 9 5 17 
18:57:30 59.60 30.69444084 -88.17524719 -99.00 -99.00 56.80 89.00 0.68 33.42 1011.35 39.73 9 5 17 
18:57:31 59.80 30.69448280 -88.17524719 -99.00 -99.00 56.90 89.00 0.68 33.40 1011.36 39.76 9 5 17 
18:57:31 60.00 30.69448280 -88.17524719 -99.00 -99.00 56.90 88.00 0.59 33.40 1011.35 39.77 9 5 17 
18:57:31 60.21 30.69448280 -88.17524719 -99.00 -99.00 56.90 88.00 0.59 33.41 1011.31 39.79 9 5 17 
18:57:31 60.41 30.69448280 -88.17524719 -99.00 -99.00 56.90 88.00 0.59 33.41 1011.37 39.79 9 5 17 
18:57:31 60.61 30.69448280 -88.17524719 -99.00 -99.00 56.90 88.00 0.59 33.40 1011.44 39.79 9 5 17 
18:57:32 60.81 30.69452667 -88.17522430 -99.00 -99.00 57.00 92.00 0.97 33.38 1011.40 39.80 9 5 17 
18:57:32 61.01 30.69452667 -88.17522430 -99.00 -99.00 57.00 93.00 1.07 33.36 1011.38 39.80 9 5 17 
18:57:32 61.21 30.69452667 -88.17522430 -99.00 -99.00 57.00 98.00 1.55 33.34 1011.38 39.82 9 5 17 
18:57:32 61.41 30.69452667 -88.17522430 -99.00 -99.00 57.00 101.00 1.84 33.34 1011.30 39.84 9 5 17 
18:57:32 61.61 30.69452667 -88.17522430 -99.00 -99.00 57.00 104.00 2.13 33.32 1011.26 39.88 9 5 17 
18:57:32 61.81 30.69458007 -88.17522430 -99.00 -99.00 57.40 105.00 2.22 33.29 1011.34 39.91 9 5 17 
18:57:32 62.01 30.69458007 -88.17522430 -99.00 -99.00 57.40 108.00 2.51 33.29 1011.32 39.93 9 5 17 
18:57:32 62.22 30.69458007 -88.17522430 -99.00 -99.00 57.40 110.00 2.70 33.27 1011.43 39.89 9 5 17 
18:57:32 62.42 30.69458007 -88.17522430 -99.00 -99.00 57.40 111.00 2.80 33.28 1011.39 39.84 9 5 17 
18:57:32 62.62 30.69458007 -88.17522430 -99.00 -99.00 57.40 110.00 2.70 33.28 1011.38 39.82 9 5 17 
18:57:34 62.82 30.69462966 -88.17522430 -99.00 -99.00 57.50 108.00 2.51 33.28 1011.43 39.77 0 9 17 
18:57:34 63.02 30.69462966 -88.17522430 -99.00 -99.00 57.50 107.00 2.41 33.28 1011.41 39.69 0 9 17 
18:57:34 63.22 30.69462966 -88.17522430 -99.00 -99.00 57.50 104.00 2.13 33.28 1011.40 39.64 0 9 17 
18:57:34 63.42 30.69462966 -88.17522430 -99.00 -99.00 57.50 103.00 2.03 33.28 1011.43 39.59 0 9 17 
18:57:34 63.62 30.69462966 -88.17522430 -99.00 -99.00 57.50 103.00 2.03 33.29 1011.43 39.55 0 9 17 
18:57:35 63.82 30.69467735 -88.17522430 -99.00 -99.00 58.10 99.00 1.64 33.29 1011.46 39.57 9 5 17 
18:57:35 64.02 30.69467735 -88.17522430 -99.00 -99.00 58.10 97.00 1.45 33.27 1011.31 39.60 9 5 17 
18:57:35 64.22 30.69467735 -88.17522430 -99.00 -99.00 58.10 98.00 1.55 33.26 1011.44 39.64 9 5 17 
18:57:35 64.43 30.69467735 -88.17522430 -99.00 -99.00 58.10 99.00 1.64 33.25 1011.55 39.69 9 5 17 
18:57:35 64.63 30.69467735 -88.17522430 -99.00 -99.00 58.10 99.00 1.64 33.25 1011.46 39.76 9 5 17 
18:57:36 64.83 30.69472694 -88.17522430 -99.00 -99.00 58.00 102.00 1.93 33.25 1011.35 39.81 0 9 17 
18:57:36 65.03 30.69472694 -88.17522430 -99.00 -99.00 58.00 104.00 2.13 33.25 1011.40 39.85 0 9 17 
18:57:36 65.23 30.69472694 -88.17522430 -99.00 -99.00 58.00 107.00 2.41 33.25 1011.35 39.83 0 9 17 
18:57:36 65.43 30.69472694 -88.17522430 -99.00 -99.00 58.00 107.00 2.41 33.24 1011.44 39.81 0 9 17 
18:57:36 65.63 30.69472694 -88.17522430 -99.00 -99.00 58.00 106.00 2.32 33.24 1011.41 39.75 0 9 17 
18:57:36 65.83 30.69477081 -88.17522430 -99.00 -99.00 57.40 105.00 2.22 33.23 1011.40 39.63 0 9 17 
18:57:36 66.03 30.69477081 -88.17522430 -99.00 -99.00 57.40 103.00 2.03 33.23 1011.39 39.53 0 9 17 
18:57:36 66.23 30.69477081 -88.17522430 -99.00 -99.00 57.40 100.00 1.74 33.23 1011.39 39.46 0 9 17 
18:57:36 66.43 30.69477081 -88.17522430 -99.00 -99.00 57.40 98.00 1.55 33.23 1011.40 39.47 0 9 17 
18:57:36 66.63 30.69477081 -88.17522430 -99.00 -99.00 57.40 98.00 1.55 33.22 1011.46 39.54 0 9 17 
18:57:38 66.83 30.69481277 -88.17524719 -99.00 -99.00 57.40 98.00 1.55 33.22 1011.42 39.52 0 9 17 
18:57:38 67.03 30.69481277 -88.17524719 -99.00 -99.00 57.40 96.00 1.36 33.22 1011.36 39.51 0 9 17 
18:57:38 67.23 30.69481277 -88.17524719 -99.00 -99.00 57.40 92.00 0.97 33.20 1011.39 39.52 0 9 17 
18:57:38 67.43 30.69481277 -88.17524719 -99.00 -99.00 57.40 90.00 0.78 33.20 1011.36 39.52 0 9 17 
18:57:38 67.63 30.69481277 -88.17524719 -99.00 -99.00 57.40 90.00 0.78 33.20 1011.37 39.54 0 9 17 
18:57:39 67.84 30.69484519 -88.17526245 -99.00 -99.00 57.30 90.00 0.78 33.19 1011.43 39.56 0 90 17 
18:57:39 68.04 30.69484519 -88.17526245 -99.00 -99.00 57.30 90.00 0.78 33.17 1011.42 39.56 0 90 17 
18:57:39 68.24 30.69484519 -88.17526245 -99.00 -99.00 57.30 90.00 0.78 33.17 1011.38 39.56 0 90 17 
18:57:39 68.44 30.69484519 -88.17526245 -99.00 -99.00 57.30 90.00 0.78 33.17 1011.35 39.58 0 90 17 
18:57:39 68.64 30.69484519 -88.17526245 -99.00 -99.00 57.30 88.00 0.59 33.16 1011.40 39.61 0 90 17 
18:57:39 68.84 30.69484519 -88.17526245 -99.00 -99.00 57.30 88.00 0.59 33.15 1011.38 39.68 0 90 17 
18:57:39 69.04 30.69484519 -88.17526245 -99.00 -99.00 57.30 86.00 0.39 33.15 1011.36 39.77 0 90 17 
18:57:39 69.24 30.69484519 -88.17526245 -99.00 -99.00 57.30 86.00 0.39 33.13 1011.35 39.89 0 90 17 
18:57:39 69.44 30.69484519 -88.17526245 -99.00 -99.00 57.30 86.00 0.39 33.10 1011.44 40.01 0 90 17 
18:57:39 69.64 30.69484519 -88.17526245 -99.00 -99.00 57.30 89.00 0.68 33.05 1011.29 40.14 0 90 17 
18:57:40 69.84 30.69486045 -88.17530822 -99.00 -99.00 57.20 91.00 0.87 33.02 1011.31 40.26 0 90 17 
18:57:40 70.04 30.69486045 -88.17530822 -99.00 -99.00 57.20 97.00 1.45 32.96 1011.32 40.42 0 90 17 
18:57:40 70.25 30.69486045 -88.17530822 -99.00 -99.00 57.20 102.00 1.93 32.90 1011.28 40.58 0 90 17 
18:57:40 70.45 30.69486045 -88.17530822 -99.00 -99.00 57.20 107.00 2.41 32.85 1011.25 40.72 0 90 17 
18:57:40 70.65 30.69486045 -88.17530822 -99.00 -99.00 57.20 111.00 2.80 32.80 1011.18 40.88 0 90 17 
18:57:40 70.85 30.69486045 -88.17530822 -99.00 -99.00 57.20 112.00 2.90 32.77 1011.20 41.00 0 90 17 
18:57:40 71.05 30.69486045 -88.17530822 -99.00 -99.00 57.20 114.00 3.09 32.74 1011.24 41.09 0 90 17 
18:57:40 71.25 30.69486045 -88.17530822 -99.00 -99.00 57.20 116.00 3.28 32.71 1011.25 41.16 0 90 17 
18:57:40 71.45 30.69486045 -88.17530822 -99.00 -99.00 57.20 117.00 3.38 32.68 1011.27 41.24 0 90 17 
18:57:40 71.65 30.69486045 -88.17530822 -99.00 -99.00 57.20 119.00 3.57 32.66 1011.22 41.32 0 90 17 
18:57:40 71.85 30.69486045 -88.17530822 -99.00 -99.00 57.20 119.00 3.57 32.63 1011.29 41.41 0 90 17 
18:57:40 72.05 30.69486045 -88.17530822 -99.00 -99.00 57.20 121.00 3.76 32.61 1011.28 41.50 0 90 17 
18:57:40 72.25 30.69486045 -88.17530822 -99.00 -99.00 57.20 122.00 3.86 32.59 1011.23 41.59 0 90 17 
18:57:40 72.45 30.69486045 -88.17530822 -99.00 -99.00 57.20 121.00 3.76 32.56 1011.25 41.64 0 90 17 
18:57:40 72.65 30.69486045 -88.17530822 -99.00 -99.00 57.20 121.00 3.76 32.54 1011.27 41.68 0 90 17 
18:57:42 72.86 30.69487380 -88.17539215 -99.00 -99.00 56.90 121.00 3.76 32.53 1011.20 41.72 0 90 17 
18:57:42 73.06 30.69487380 -88.17539215 -99.00 -99.00 56.90 120.00 3.67 32.54 1011.24 41.75 0 90 17 
18:57:42 73.26 30.69487380 -88.17539215 -99.00 -99.00 56.90 120.00 3.67 32.53 1011.22 41.81 0 90 17 
18:57:42 73.46 30.69487380 -88.17539215 -99.00 -99.00 56.90 119.00 3.57 32.51 1011.25 41.83 0 90 17 
18:57:42 73.66 30.69487380 -88.17539215 -99.00 -99.00 56.90 118.00 3.47 32.48 1011.29 41.87 0 90 17 
0:1:85 73.86 18.00095748 -0.00146660 -99.00 -99.00 0.00 118.00 3.47 32.45 1011.22 41.92 0 90 17 
0:1:85 74.06 18.00095748 -0.00146660 -99.00 -99.00 0.00 117.00 3.38 32.42 1011.21 41.96 0 90 17 
0:1:85 74.26 18.00095748 -0.00146660 -99.00 -99.00 0.00 117.00 3.38 32.39 1011.17 41.99 0 90 17 
0:1:85 74.46 18.00095748 -0.00146660 -99.00 -99.00 0.00 116.00 3.28 32.37 1011.23 42.00 0 90 17 
0:1:85 74.66 18.00095748 -0.00146660 -99.00 -99.00 0.00 114.00 3.09 32.35 1011.26 42.08 0 90 17 
18:57:46 74.86 30.69486808 -88.17556762 -99.00 -99.00 55.00 114.00 3.09 32.34 1011.26 42.07 0 90 17 
18:57:46 75.06 30.69486808 -88.17556762 -99.00 -99.00 55.00 113.00 2.99 32.34 1011.33 42.08 0 90 17 
18:57:46 75.26 30.69486808 -88.17556762 -99.00 -99.00 55.00 112.00 2.90 32.35 1011.26 42.07 0 90 17 
18:57:46 75.47 30.69486808 -88.17556762 -99.00 -99.00 55.00 111.00 2.80 32.37 1011.26 42.06 0 90 17 
18:57:46 75.67 30.69486808 -88.17556762 -99.00 -99.00 55.00 109.00 2.61 32.38 1011.27 42.04 0 90 17 
18:57:47 75.87 30.69485282 -88.17560577 -99.00 -99.00 54.80 108.00 2.51 32.39 1011.32 42.00 0 90 17 
18:57:47 76.07 30.69485282 -88.17560577 -99.00 -99.00 54.80 107.00 2.41 32.41 1011.26 41.97 0 90 17 
18:57:47 76.27 30.69485282 -88.17560577 -99.00 -99.00 54.80 106.00 2.32 32.42 1011.31 41.94 0 90 17 
18:57:47 76.47 30.69485282 -88.17560577 -99.00 -99.00 54.80 105.00 2.22 32.45 1011.29 41.89 0 90 17 
18:57:47 76.67 30.69485282 -88.17560577 -99.00 -99.00 54.80 103.00 2.03 32.47 1011.31 41.71 0 90 17 
0:1:85 76.87 18.00096321 -0.00146660 -99.00 -99.00 0.00 103.00 2.03 32.49 1011.25 41.75 0 90 17 
0:1:85 77.08 18.00096321 -0.00146660 -99.00 -99.00 0.00 102.00 1.93 32.51 1011.28 41.70 0 90 17 
0:1:85 77.28 18.00096321 -0.00146660 -99.00 -99.00 0.00 101.00 1.84 32.53 1011.29 41.68 0 90 17 
0:1:85 77.48 18.00096321 -0.00146660 -99.00 -99.00 0.00 99.00 1.64 32.55 1011.30 41.66 0 90 17 
0:1:85 77.68 18.00096321 -0.00146660 -99.00 -99.00 0.00 98.00 1.55 32.56 1011.34 41.62 0 90 17 
18:57:48 77.88 30.69479942 -88.17565155 -99.00 -99.00 55.50 98.00 1.55 32.57 1011.28 41.58 0 90 17 
18:57:48 78.08 30.69479942 -88.17565155 -99.00 -99.00 55.50 96.00 1.36 32.57 1011.32 41.51 0 90 17 
18:57:48 78.28 30.69479942 -88.17565155 -99.00 -99.00 55.50 94.00 1.16 32.57 1011.22 41.49 0 90 17 
18:57:48 78.48 30.69479942 -88.17565155 -99.00 -99.00 55.50 93.00 1.07 32.57 1011.28 41.48 0 90 17 
18:57:48 78.68 30.69479942 -88.17565155 -99.00 -99.00 55.50 93.00 1.07 32.57 1011.24 41.45 0 90 17 
18:57:50 78.88 30.69476699 -88.17565155 -99.00 -99.00 55.40 93.00 1.07 32.58 1011.23 41.45 0 90 17 
18:57:50 79.08 30.69476699 -88.17565155 -99.00 -99.00 55.40 93.00 1.07 32.57 1011.21 41.47 0 90 17 
18:57:50 79.28 30.69476699 -88.17565155 -99.00 -99.00 55.40 93.00 1.07 32.55 1011.22 41.49 0 90 17 
18:57:50 79.48 30.69476699 -88.17565155 -99.00 -99.00 55.40 99.00 1.64 32.53 1011.17 41.51 0 90 17 
18:57:50 79.68 30.69476699 -88.17565155 -99.00 -99.00 55.40 103.00 2.03 32.50 1011.24 41.51 0 90 17 
18:57:51 79.88 30.69473075 -88.17563629 -99.00 -99.00 55.60 104.00 2.13 32.47 1011.26 41.51 0 90 17 
18:57:51 80.09 30.69473075 -88.17563629 -99.00 -99.00 55.60 106.00 2.32 32.43 1011.19 41.55 0 90 17 
18:57:51 80.29 30.69473075 -88.17563629 -99.00 -99.00 55.60 108.00 2.51 32.40 1011.22 41.62 0 90 17 
18:57:51 80.49 30.69473075 -88.17563629 -99.00 -99.00 55.60 109.00 2.61 32.39 1011.22 41.65 0 90 17 
18:57:51 80.69 30.69473075 -88.17563629 -99.00 -99.00 55.60 110.00 2.70 32.40 1011.24 41.66 0 90 17 
18:57:51 80.89 0.00050160 -125.81666564 -99.00 -99.00 0.00 110.00 2.70 32.41 1011.23 41.71 0 90 17 
18:57:51 81.09 0.00050160 -125.81666564 -99.00 -99.00 0.00 110.00 2.70 32.42 1011.24 41.72 0 90 17 
18:57:51 81.29 0.00050160 -125.81666564 -99.00 -99.00 0.00 109.00 2.61 32.41 1011.24 41.74 0 90 17 
18:57:51 81.49 0.00050160 -125.81666564 -99.00 -99.00 0.00 109.00 2.61 32.39 1011.27 41.75 0 90 17 
18:57:51 81.69 0.00050160 -125.81666564 -99.00 -99.00 0.00 107.00 2.41 32.37 1011.24 41.78 0 90 17 
0:1:85 81.89 18.00095367 -0.00146660 -99.00 -99.00 0.00 107.00 2.41 32.34 1011.25 41.79 0 90 17 
0:1:85 82.09 18.00095367 -0.00146660 -99.00 -99.00 0.00 106.00 2.32 32.33 1011.24 41.82 0 90 17 
0:1:85 82.29 18.00095367 -0.00146660 -99.00 -99.00 0.00 105.00 2.22 32.31 1011.26 41.84 0 90 17 
0:1:85 82.49 18.00095367 -0.00146660 -99.00 -99.00 0.00 104.00 2.13 32.29 1011.21 41.86 0 90 17 
0:1:85 82.69 18.00095367 -0.00146660 -99.00 -99.00 0.00 103.00 2.03 32.28 1011.25 41.86 0 90 17 
18:57:52 82.90 0.00005000 -125.81666564 -99.00 -99.00 0.00 103.00 2.03 32.27 1011.23 41.93 0 90 17 
18:57:52 83.10 0.00005000 -125.81666564 -99.00 -99.00 0.00 102.00 1.93 32.27 1011.25 41.94 0 90 17 
18:57:52 83.30 0.00005000 -125.81666564 -99.00 -99.00 0.00 102.00 1.93 32.26 1011.28 41.98 0 90 17 
18:57:52 83.50 0.00005000 -125.81666564 -99.00 -99.00 0.00 101.00 1.84 32.25 1011.27 42.00 0 90 17 
18:57:52 83.70 0.00005000 -125.81666564 -99.00 -99.00 0.00 100.00 1.74 32.25 1011.27 42.00 0 90 17 
18:57:54 83.90 18.00095748 -0.00146660 -99.00 -99.00 0.00 100.00 1.74 32.26 1011.17 41.98 0 90 17 
18:57:54 84.10 18.00095748 -0.00146660 -99.00 -99.00 0.00 98.00 1.55 32.28 1011.20 41.90 0 90 17 
18:57:54 84.30 18.00095748 -0.00146660 -99.00 -99.00 0.00 98.00 1.55 32.29 1011.24 41.82 0 90 17 
18:57:54 84.50 18.00095748 -0.00146660 -99.00 -99.00 0.00 98.00 1.55 32.29 1011.22 41.73 0 90 17 
18:57:54 84.70 18.00095748 -0.00146660 -99.00 -99.00 0.00 96.00 1.36 32.30 1011.22 41.74 0 90 17 
18:57:55 84.90 0.00050160 185.00013732 -99.00 -99.00 0.00 95.00 1.26 32.31 1011.22 41.96 0 90 17 
18:57:55 85.11 0.00050160 185.00013732 -99.00 -99.00 0.00 95.00 1.26 32.33 1011.20 42.15 0 90 17 
18:57:55 85.31 0.00050160 185.00013732 -99.00 -99.00 0.00 95.00 1.26 32.34 1011.24 42.23 0 90 17 
18:57:55 85.51 0.00050160 185.00013732 -99.00 -99.00 0.00 96.00 1.36 32.35 1011.19 42.39 0 90 17 
18:57:55 85.71 0.00050160 185.00013732 -99.00 -99.00 0.00 96.00 1.36 32.36 1011.23 42.59 0 90 17 
18:57:56 85.91 0.00050160 88.00001525 -99.00 -99.00 0.00 96.00 1.36 32.36 1011.21 42.63 0 90 17 
18:57:56 86.11 0.00050160 88.00001525 -99.00 -99.00 0.00 96.00 1.36 32.38 1011.25 42.73 0 90 17 
18:57:56 86.31 0.00050160 88.00001525 -99.00 -99.00 0.00 96.00 1.36 32.38 1011.24 42.82 0 90 17 
18:57:56 86.51 0.00050160 88.00001525 -99.00 -99.00 0.00 96.00 1.36 32.39 1011.29 42.96 0 90 17 
18:57:56 86.71 0.00050160 88.00001525 -99.00 -99.00 0.00 96.00 1.36 32.38 1011.20 43.11 0 90 17 
18:57:56 86.91 0.00050160 88.17568206 -99.00 -99.00 0.00 96.00 1.36 32.38 1011.20 43.19 0 90 17 
18:57:56 87.11 0.00050160 88.17568206 -99.00 -99.00 0.00 96.00 1.36 32.38 1011.22 43.22 0 90 17 
18:57:56 87.31 0.00050160 88.17568206 -99.00 -99.00 0.00 96.00 1.36 32.38 1011.23 43.23 0 90 17 
18:57:56 87.52 0.00050160 88.17568206 -99.00 -99.00 0.00 96.00 1.36 32.38 1011.25 43.28 0 90 17 
18:57:56 87.72 0.00050160 88.17568206 -99.00 -99.00 0.00 96.00 1.36 32.39 1011.29 43.30 0 90 17 
18:57:58 87.92 0.00050160 -88.17569732 -99.00 -99.00 0.00 96.00 1.36 32.38 1011.22 43.28 0 90 17 
18:57:58 88.12 0.00050160 -88.17569732 -99.00 -99.00 0.00 96.00 1.36 32.38 1011.22 43.20 0 90 17 
18:57:58 88.32 0.00050160 -88.17569732 -99.00 -99.00 0.00 96.00 1.36 32.38 1011.25 43.08 0 90 17 
18:57:58 88.52 0.00050160 -88.17569732 -99.00 -99.00 0.00 96.00 1.36 32.38 1011.23 42.98 0 90 17 
18:57:59 88.73 0.00050160 -88.17569732 -99.00 -99.00 0.00 96.00 1.36 32.38 1011.24 42.82 0 90 17 
18:57:59 88.93 0.00050160 -88.17569732 -99.00 -99.00 0.00 96.00 1.36 32.38 1011.26 42.79 0 90 17 
