2653.33 8.23551 -5.7074 9.61448 26.6599
2653.68 7.08637 -4.0986 7.04806 26.7489
2653.99 6.12875 -4.0603 7.27789 26.7043
2654.3 6.01384 -4.02199 6.85654 26.7043
2654.61 6.85654 -4.40504 6.93315 26.7043
2654.91 7.00976 -4.17521 6.35858 26.7267
2655.22 7.12467 -4.32843 5.63079 26.6152
2655.53 6.62671 -4.51995 5.24774 26.7267
2655.84 6.77993 -4.21351 5.7074 26.6152
2656.15 6.24366 -4.29012 5.7074 26.682
2656.45 6.32027 -4.44334 5.97553 26.7267
2656.76 7.08637 -4.29012 6.47349 26.7712
2657.07 7.27789 -4.40504 6.05214 26.7712
2657.43 7.08637 -4.36673 5.93723 26.7712
2657.74 6.5501 -4.40504 6.43519 26.8158
2658.04 5.97553 -4.59656 5.59248 26.7712
2658.35 6.05214 -4.40504 5.82231 26.682
2658.66 6.62671 -4.21351 6.24366 26.7489
2658.97 6.70332 -4.44334 6.43519 26.7043
2659.28 5.82231 -4.48165 5.59248 26.7712
2659.59 6.43519 -4.29012 5.93723 26.7267
2659.9 6.43519 -4.55826 5.7457 26.8158
2660.21 6.47349 -4.21351 6.28197 26.7489
2660.52 6.62671 -4.13691 7.08637 26.8158
2660.82 6.70332 -4.21351 6.5501 26.7712
2661.13 6.01384 -4.29012 5.97553 26.7936
2661.54 6.32027 -4.25182 6.39688 26.7267
2661.85 5.97553 -4.13691 6.35858 26.7936
2662.16 6.85654 -2.91116 7.43111 26.7712
2662.47 6.62671 -2.87285 7.00976 26.8605
2662.78 6.47349 -2.98777 7.50772 26.7936
2663.09 6.43519 -3.60064 7.31619 26.8381
2663.4 5.24774 -3.94538 6.77993 26.7712
2663.71 5.7457 -3.90708 7.23959 26.7936
2664.02 6.39688 -4.21351 7.31619 26.8605
2664.33 6.09044 -4.13691 7.50772 26.7936
2664.64 6.93315 -4.63487 5.01791 26.8158
2664.95 6.97145 -4.40504 5.55418 26.8158
2665.26 7.12467 -4.48165 6.01384 26.8158
2665.57 7.20128 -4.36673 5.28605 26.8605
2665.87 7.50772 -4.59656 5.36266 26.8158
2666.19 7.08637 -4.51995 5.40096 26.8158
2666.5 7.16298 -4.59656 5.66909 26.7712
2666.81 7.20128 -4.55826 5.28605 26.8381
2667.12 7.27789 -4.55826 5.40096 26.8381
2667.42 7.08637 -4.48165 5.51587 26.8158
2667.73 7.20128 -4.59656 5.32435 26.7936
2668.04 7.23959 -4.48165 5.36266 26.8381
2668.35 7.3545 -4.55826 5.17113 26.7712
2668.66 7.50772 -4.48165 4.78809 26.8605
2668.97 7.54602 -4.32843 5.20944 26.8605
2669.38 6.66501 -4.13691 5.93723 26.972
2669.69 6.81823 -4.13691 6.43519 26.8158
2670.0 6.93315 -3.83047 6.32027 26.8605
2670.31 6.12875 -4.40504 6.09044 26.8605
2670.62 5.82231 -3.94538 7.77585 26.8381
2670.93 5.78401 -3.56234 7.62263 26.8605
2671.24 6.5118 -3.63894 7.23959 26.8828
2671.55 6.47349 -3.63894 6.62671 26.905
2671.86 6.28197 -3.71555 6.93315 26.8158
2672.17 6.32027 -3.67725 6.81823 26.905
2672.48 6.58841 -3.90708 6.62671 26.8605
2672.79 6.62671 -3.67725 6.39688 26.9274
2673.1 6.66501 -3.75386 6.5501 26.9944
