14338.1 -0.0383047 -6.32027 7.85246 22.8145
14338.5 -0.114914 -6.20536 7.77585 22.771
14338.8 0.114914 -5.55418 9.38465 22.8362
14339.1 0.191523 -5.78401 7.92907 22.8362
14339.4 0.995922 -8.88668 6.39688 22.8145
14339.7 2.03015 -9.34634 1.26405 22.8145
14340.0 0.689484 -9.19312 0.459656 22.858
14340.3 0.421352 -9.46126 0.421352 22.8796
14340.6 1.34066 -9.49956 -0.344742 22.8796
14341.0 1.37897 -9.57617 -1.07253 22.7928
14341.3 0.919312 -9.38465 -1.37897 22.9015
14341.6 0.919312 -9.46126 -0.881008 22.9449
14341.9 0.919312 -9.61448 -1.34066 22.9449
14342.2 0.919312 -9.42295 -1.07253 22.8796
14342.5 1.07253 -9.49956 -1.57049 22.7493
14342.8 1.14914 -9.42295 -1.22575 22.858
14343.1 0.881008 -9.46126 -1.37897 22.9015
14343.5 0.65118 -9.38465 -0.536266 22.8145
14343.8 0.65118 -9.30804 -0.65118 22.9449
14344.1 0.57457 -9.03991 -1.72371 22.9015
14344.4 0.881008 -8.69516 -0.383047 22.8362
14344.7 -4.44334 -8.61855 -1.41727 22.8796
14345.0 -4.17521 -8.1972 -1.14914 22.9015
14345.3 -5.13283 -7.69924 -0.344742 22.8145
14345.6 -6.20536 -7.3545 0.306437 22.9232
14346.0 -4.97961 -6.93315 2.4515 22.8796
14346.3 -5.93723 -7.54602 3.67725 22.9449
14346.6 -1.41727 -9.76769 -2.4515 22.9449
14346.9 -1.34066 -9.42295 -1.68541 22.858
14347.2 -0.65118 -9.30804 -1.53219 22.858
14347.6 -0.612875 -9.38465 -1.95354 22.9232
14347.9 1.11084 -10.0741 -0.919312 22.9232
14348.2 0.383047 -10.189 -0.842703 22.9449
14348.5 0.344742 -9.49956 -0.306437 22.9884
14348.8 -0.114914 -9.72939 -0.881008 23.0319
14349.1 -0.0766094 -9.57617 -0.497961 22.9015
14349.4 -0.0383047 -9.49956 -0.57457 22.9667
14349.7 0.0383047 -9.65278 -0.459656 22.9449
14350.0 -0.306437 -9.53786 -0.306437 22.9015
14350.3 -0.268133 -9.42295 -0.153219 22.9884
14350.6 -0.229828 -9.38465 -0.497961 22.9232
14351.0 -0.229828 -9.57617 -0.459656 22.8362
14351.3 -0.804398 -9.8443 -0.536266 22.9667
14351.6 -0.57457 -9.49956 -0.727789 22.9232
14351.9 -0.842703 -9.30804 -0.612875 22.8796
14352.2 -0.612875 -9.76769 -0.957617 22.9449
14352.5 -0.612875 -9.46126 -0.804398 22.9449
14352.8 -0.689484 -9.42295 -0.497961 22.9232
14353.2 -0.344742 -9.72939 -1.18745 22.9232
14353.5 -0.65118 -9.53786 -0.727789 23.0319
14353.8 -0.536266 -9.65278 -0.65118 23.0101
14354.2 -0.497961 -9.49956 -0.766094 22.9884
14354.5 -0.421352 -9.61448 -0.804398 23.0754
14354.8 -0.65118 -9.53786 -0.881008 22.9232
14355.1 -0.919312 -9.65278 -0.766094 22.9884
14355.4 -0.497961 -9.42295 -0.459656 23.0319
14355.7 -0.995922 -9.42295 -0.881008 22.9884
14356.0 -0.727789 -9.53786 -0.497961 22.9232
14356.3 -0.459656 -9.65278 -0.766094 23.0754
14356.7 -0.727789 -9.34634 -0.306437 23.0319
14357.0 -4.36673 -7.20128 -3.06437 23.0536
14357.3 -5.13283 -7.20128 -0.306437 23.0754
14357.6 -0.229828 6.97145 8.69516 23.0754
14357.9 -4.51995 2.83455 7.00976 22.9449
14358.2 2.91116 -8.1589 -5.20944 23.0319
14358.5 7.00976 -9.42295 -4.17521 22.9884
14358.8 -0.344742 -8.77177 0.459656 23.0101
14359.1 -0.344742 -9.30804 0.536266 23.0754
14359.5 -2.94946 -10.304 -6.43519 23.0319
14359.8 -3.14098 2.83455 8.04398 23.0101
14360.1 -4.29012 6.39688 10.304 23.0101
14360.5 3.98369 -6.5118 -6.5118 23.0972
14360.8 -5.20944 -6.20536 -9.53786 23.0101
14361.1 -3.98369 1.03423 6.47349 23.0101
14361.4 -3.83047 4.71148 10.2657 23.0101
14361.7 -4.51995 -5.93723 -1.99184 23.0754
14362.1 0.191523 -5.01791 -10.9168 22.9667
14362.4 0.459656 -5.66909 -0.114914 23.0319
14362.7 -5.05622 6.39688 8.46534 23.0101
14363.0 -7.23959 -4.78809 1.80032 23.0754
14363.3 1.03423 -6.20536 -5.82231 23.0319
14363.6 -2.79624 -5.82231 -11.9511 23.0319
14363.9 -3.06437 -2.14506 4.48165 23.1406
14364.2 -5.32435 5.32435 8.42703 23.0101
14364.6 -7.89076 -3.17929 4.51995 23.0319
14364.9 1.03423 -6.32027 -4.86469 23.0754
14365.2 -3.63894 -5.47757 -10.4189 23.0972
14365.5 -4.86469 -3.67725 3.56234 23.0754
14365.8 -6.16705 4.71148 9.30804 23.0101
14366.1 -6.89484 -6.16705 0.727789 22.9449
14366.4 1.37897 -6.32027 -4.78809 23.0101
14366.7 1.57049 -3.33251 -11.2999 23.1189
14367.1 0.0 -4.63487 1.45558 23.1189
14367.4 -5.7457 2.22167 8.46534 23.1189
14367.7 -6.70332 0.995922 8.92499 23.0101
14368.0 -2.83455 -5.86062 0.191523 23.0972
14368.4 -4.36673 -2.79624 -10.189 23.0319
14368.7 -9.76769 -2.79624 -0.65118 23.0754
14369.0 -4.9413 -0.344742 7.23959 23.0754
14369.4 -4.82639 2.41319 9.07821 23.0972
14369.7 -5.13283 -6.24366 3.37081 23.0972
14370.0 -0.306437 -7.20128 -3.94538 23.0101
14370.3 -4.67317 -3.67725 -8.92499 23.2061
14370.6 -4.78809 -3.83047 0.421352 23.1406
14370.9 -5.47757 -3.60064 6.62671 23.1625
14371.2 -5.7457 -0.153219 8.69516 23.0972
14371.6 -8.92499 -2.10676 5.36266 23.1406
14371.9 -9.15482 -7.08637 -4.29012 23.2061
14372.2 -1.26405 -6.43519 -6.89484 23.0972
14372.5 -7.08637 -4.71148 1.18745 23.1189
14372.9 -2.33659 -2.87285 8.61855 23.0536
14373.2 -0.383047 -5.7457 7.81416 23.2061
14373.5 -0.268133 -6.89484 6.47349 23.0319
14373.8 -1.37897 -7.3928 5.40096 23.0972
14374.1 -2.03015 -7.62263 5.01791 23.2061
14374.4 -2.29828 -8.12059 4.78809 23.1189
14374.7 -1.49388 -7.58433 4.40504 23.1189
14375.0 -2.4898 -7.58433 5.20944 23.2061
14375.3 -2.56641 -7.3928 4.55826 23.0972
