575.213 0
575.315 0
575.416 0
575.516 0
575.618 0
575.72 0
575.821 0
575.922 0
576.024 0
576.125 0
576.226 0
576.327 0
576.429 0
576.53 0
576.631 0
576.732 0
576.834 0
576.936 0
577.037 0
577.137 0
577.24 0
577.341 0
577.442 0
577.542 0
577.645 0
577.746 0
577.847 0
577.949 0
578.05 1
578.151 1
578.251 1
578.354 1
578.456 0
578.556 0
578.657 0
578.759 1
578.86 1
578.961 1
579.062 0
579.165 0
579.265 0
579.367 1
579.468 1
579.569 1
579.67 1
579.772 0
579.874 0
579.974 0
580.075 1
580.177 1
580.279 1
580.379 0
580.48 0
580.583 0
580.684 1
580.785 1
580.885 1
580.988 0
581.088 0
581.19 0
581.291 1
581.392 1
581.494 1
581.594 1
581.696 0
581.798 0
581.899 0
582.0 1
582.102 1
582.204 1
582.304 1
582.406 0
582.507 0
582.608 1
582.709 1
582.811 1
582.913 0
583.013 0
583.114 0
583.216 1
583.318 1
583.418 1
583.519 0
583.622 0
583.722 0
583.824 0
583.925 0
584.027 0
584.127 0
