254.738 62863
254.769 63375
254.799 63391
254.83 63679
254.86 63743
254.891 63631
254.921 63695
254.952 63871
254.983 63855
255.014 63887
255.044 63855
255.075 64015
255.105 63871
255.135 63823
255.166 64063
255.198 63871
255.229 64063
255.259 63999
255.29 63935
255.32 64095
255.35 63871
255.38 64079
255.411 63919
255.442 64031
255.472 64111
255.503 63919
255.534 64207
255.564 63967
255.595 63903
255.625 63919
255.656 63967
255.686 63999
255.716 64111
255.748 64015
255.778 64079
255.808 64175
255.838 62991
255.869 64079
255.899 64111
255.929 64127
255.96 64127
255.991 64223
256.021 64143
256.052 63935
256.083 64127
256.114 64271
256.145 64159
256.175 64223
256.206 64175
256.237 64063
256.267 64015
256.298 64063
256.329 64063
256.36 63967
256.39 64207
256.421 64047
256.452 64271
256.483 64255
256.513 64239
256.544 64191
256.576 64159
256.606 64159
256.636 63999
256.667 64063
256.698 64111
256.728 63983
256.758 64031
256.789 64287
256.819 64079
256.849 64239
256.88 63999
256.911 64079
256.941 64255
256.971 64143
257.001 64031
257.032 64127
257.062 64239
257.092 64223
257.123 64351
257.154 64207
257.185 64239
257.215 64191
257.246 64095
257.277 64111
257.307 64127
257.337 64095
257.368 64207
257.399 64319
257.429 64031
257.46 64095
257.491 64143
257.522 64223
257.552 64255
257.583 64303
257.613 64319
257.643 64143
257.673 64255
257.705 64031
257.735 64095
257.765 64175
257.796 64223
257.828 64127
257.858 64159
257.889 63983
257.92 64015
257.951 64111
257.981 64175
258.012 64127
258.042 64047
258.074 64175
258.104 64159
258.134 64015
258.165 64207
258.195 64063
258.226 64031
258.256 64527
258.287 64031
258.317 63999
258.347 64255
258.377 64223
258.408 64223
258.438 64239
258.468 64271
258.499 64303
258.529 64175
258.56 64175
258.59 64303
258.621 64063
258.651 64127
258.682 64063
258.713 64207
258.745 64351
258.775 64047
258.805 64063
258.835 64303
258.866 64127
258.896 64239
258.926 64063
258.958 64319
258.988 64143
259.018 64399
259.049 64367
259.08 63999
259.11 64095
259.14 64255
259.17 63759
259.201 64287
259.231 64223
259.261 64143
259.292 63967
259.323 64159
259.353 64431
259.383 64223
259.414 64271
259.444 64191
259.475 64255
259.505 64079
259.536 64079
259.566 64159
259.596 64143
259.627 64047
259.658 64095
259.689 64175
259.719 64239
259.75 64047
259.781 64175
259.812 64191
259.843 64271
259.874 64271
259.904 64239
259.934 64207
259.964 64287
259.995 63999
260.025 64143
260.056 64335
260.086 64079
260.117 64111
260.147 64159
260.177 64207
260.208 64239
260.238 64239
260.268 64079
260.299 64047
260.33 64159
260.361 64271
260.391 64111
260.421 64207
260.452 64111
260.482 64143
260.512 63999
260.543 64015
260.575 64207
260.605 64159
260.635 64239
260.666 63999
260.696 64207
260.726 64239
260.756 64063
260.787 63983
260.817 64159
260.848 64095
260.878 64239
260.909 64159
260.939 64111
260.969 63999
261.0 63999
261.031 63999
261.061 64079
261.091 64175
261.122 64335
261.152 64255
261.182 64175
261.213 65535
261.244 64367
261.274 64015
261.304 64159
261.334 64207
261.365 64111
261.395 64335
261.425 64303
261.456 64255
261.486 64015
261.517 63983
261.547 64175
261.578 64239
261.608 64063
261.639 64047
261.669 64207
261.701 64111
261.731 64207
261.761 64207
261.792 64111
261.823 64287
261.853 64143
261.884 64063
261.915 64239
261.945 64271
261.975 64079
262.006 64095
262.038 64431
262.068 64111
262.099 64223
262.129 64111
262.16 64255
262.19 64015
262.22 64079
262.251 63871
262.282 64063
262.312 64159
262.342 64127
262.373 64031
262.404 63999
262.434 63567
262.465 64047
262.496 64175
262.527 64303
262.557 64239
262.587 64303
262.618 64287
262.649 64191
262.679 64175
262.71 64063
262.741 64063
262.772 64319
262.802 64223
262.833 64111
262.863 64303
262.893 64143
262.923 64303
262.955 64223
262.985 64063
263.016 64111
263.046 64207
263.078 64111
263.108 64271
263.139 64047
263.169 64319
263.201 64239
263.231 64175
263.261 64079
263.291 64319
263.322 64287
263.353 64175
263.383 64175
263.414 64063
263.444 64207
263.474 64223
263.505 64223
263.536 64095
263.567 64175
263.597 64111
263.628 64191
263.659 64015
263.69 64303
263.72 64095
263.75 64223
263.781 64191
263.811 65087
263.842 64271
263.874 64191
263.904 64127
263.934 64319
263.965 64287
263.996 64287
264.026 64271
264.056 64239
264.086 64095
264.118 64111
264.148 64127
264.179 64239
264.209 64111
264.241 64015
264.271 64079
264.301 64271
264.332 64015
264.363 64415
264.393 64143
264.424 64191
264.455 64079
264.486 64287
264.516 64079
264.546 64175
264.577 64351
264.607 64271
264.637 64287
264.667 64079
264.699 64175
264.73 64207
264.76 64335
264.791 64031
264.822 63839
264.852 64223
264.882 64175
264.913 64223
264.944 64207
264.974 64191
265.004 64239
265.036 64175
265.066 64223
265.096 64175
265.127 64303
265.159 64111
265.189 64287
265.22 64143
265.25 64255
265.281 64271
265.311 64111
265.341 64319
265.372 64223
265.403 64159
265.433 64111
265.464 64207
265.496 64079
265.527 64287
265.557 64303
265.588 64127
265.619 64207
265.649 64095
265.679 64431
265.71 64303
265.741 64223
265.771 64143
265.801 64159
265.832 64351
265.862 64095
265.892 64351
265.923 64303
265.955 64271
265.986 64079
266.017 64175
266.047 64367
266.078 64463
266.109 64175
266.139 64623
266.169 64303
266.2 64879
266.23 64143
266.261 64239
266.291 64351
266.322 64079
266.352 63983
266.382 64271
266.413 64303
266.443 64015
266.473 64287
266.503 64255
266.534 64319
266.564 64143
266.594 64239
266.625 64335
266.655 64191
266.685 64047
266.716 64031
266.747 64079
266.778 64207
266.808 64255
266.838 64175
266.869 64255
266.899 64271
266.93 64415
266.96 64271
266.991 64111
267.021 64287
267.051 64175
267.082 64591
267.112 64127
267.142 64175
267.172 64367
267.203 64143
267.233 64591
267.264 64079
267.294 64271
267.325 64127
267.355 64367
267.385 64287
267.416 64383
267.447 64175
267.478 64015
267.508 64287
267.539 64207
267.57 64223
267.6 64223
267.63 64303
267.661 64063
267.692 64047
267.722 64239
267.753 64255
267.784 64175
267.814 64287
267.844 64063
267.875 64127
267.905 64527
267.935 64223
267.966 64207
267.997 64255
268.027 64287
268.058 64271
268.088 64095
268.119 64303
268.149 64207
268.179 64319
268.209 64239
268.241 64095
268.272 64207
268.302 64303
268.333 64127
268.363 64031
268.393 64319
268.424 64063
268.455 64063
268.485 64079
268.515 64111
268.545 64207
268.577 64207
268.608 64159
268.638 64127
268.668 64063
268.701 64175
268.731 64319
268.762 64095
268.792 64111
268.823 64095
268.854 64207
268.884 64319
268.915 64143
268.946 64271
268.976 64271
269.006 64015
269.037 64175
269.067 64255
269.098 64287
269.128 64287
269.159 64127
269.189 64047
269.22 64239
269.25 64239
269.281 64351
269.311 64319
269.341 64143
269.372 64191
269.403 64287
269.433 64351
269.463 64287
269.494 64047
269.524 64031
269.555 64287
269.585 64335
269.617 64319
269.647 64223
269.677 64335
269.708 64159
269.738 64063
269.769 63855
269.799 64175
269.83 64079
269.86 64271
269.89 64079
269.92 64047
269.951 64095
269.981 64207
270.011 64319
270.041 64255
270.072 64031
270.103 64255
270.134 63983
270.165 64287
270.195 64127
270.225 64079
270.255 64127
270.286 64287
270.316 64271
270.346 64047
270.376 64047
270.408 64303
270.438 64319
270.469 63999
270.5 64223
270.53 64095
270.561 64127
270.592 64255
270.623 64079
270.653 64223
270.683 64159
270.713 64255
270.745 64207
270.775 64079
270.806 64063
270.836 63999
270.867 64239
270.897 64191
270.928 64127
270.958 64063
270.99 64239
271.02 64207
271.051 64063
271.082 64191
271.112 64095
271.142 64079
271.172 64303
271.203 64127
271.234 64191
271.264 64207
271.294 64255
271.326 64335
271.357 64335
271.387 64271
271.418 64447
271.449 64303
271.48 64175
271.51 64303
271.541 64239
271.571 64015
271.602 64319
271.632 64383
271.663 64303
271.693 64191
271.723 64271
271.753 64415
271.784 64255
271.814 64303
271.844 64095
271.875 64143
271.906 63999
271.936 64031
271.966 64255
271.997 64223
272.028 64303
272.058 64159
272.088 64063
272.119 64127
272.149 64287
272.18 64287
272.21 64031
272.241 64111
272.271 64271
272.301 64047
272.332 64335
272.362 64191
272.392 64207
272.423 64335
272.454 64335
272.485 64047
272.515 64095
272.545 64223
272.576 64271
272.607 64319
272.637 64175
272.668 64319
272.699 64287
272.73 64223
272.76 64335
272.791 64143
272.822 64095
272.852 64207
272.883 64191
272.914 64191
272.944 64063
272.974 64255
273.004 64095
273.036 64239
273.066 64063
273.097 64239
273.127 64239
273.158 64095
273.188 64207
273.219 64111
273.25 64367
273.28 64127
273.31 64031
273.34 64287
273.372 64159
273.402 64335
273.433 64303
273.463 64335
273.495 64159
273.525 64351
273.555 64031
273.586 64319
273.617 64271
273.648 64191
273.678 64303
273.708 64223
273.74 64271
273.771 64367
273.801 64047
273.833 64127
273.863 64335
273.893 64111
273.924 64063
273.955 64303
273.985 64271
274.016 64399
274.046 64111
274.077 64223
274.108 64175
274.138 63967
274.169 64191
274.2 64255
274.23 64095
274.261 64031
274.291 64079
274.322 64127
274.352 64031
274.383 64351
274.414 64447
274.445 64303
274.475 64335
274.506 64303
274.537 64303
274.567 64335
274.597 64255
274.628 64079
274.659 64271
274.689 64015
274.72 64303
274.75 64175
274.781 64319
274.811 64143
274.841 64207
274.873 64127
274.903 64271
274.933 64047
274.963 64143
274.994 64351
275.024 64303
275.054 64079
275.084 64351
275.116 64335
275.146 64303
275.176 64127
275.207 64287
275.238 64047
275.268 64191
275.298 64367
275.329 64351
275.359 64159
275.389 64239
275.42 64127
275.451 64271
275.482 64111
275.512 64287
275.542 64303
275.573 64351
275.604 64303
275.634 64095
275.665 64287
275.696 64223
275.726 64223
275.756 64175
275.787 64415
275.817 64063
275.847 64095
275.877 64159
275.908 64111
275.938 64159
275.968 64223
275.999 63999
276.03 64319
276.061 64191
276.091 64143
276.122 64303
276.153 64095
276.184 64191
276.214 64047
276.245 64559
276.275 64367
276.305 64095
276.335 64191
276.366 64687
276.396 64191
276.427 64335
276.458 64111
276.489 64335
276.519 64271
276.549 64159
276.58 64191
276.61 64111
276.64 64303
276.67 64303
276.702 64063
276.733 64303
276.763 64063
276.794 64367
276.825 64207
276.855 64335
276.885 64143
276.916 64143
276.947 64351
276.978 64111
277.008 64127
277.039 64159
277.069 64159
277.099 64383
277.129 64351
277.16 64207
277.191 64191
277.221 64207
277.251 64335
277.282 64175
277.313 63711
277.343 64127
277.374 64287
277.404 64143
277.434 64111
277.464 64063
277.495 64031
277.525 64111
277.555 64351
277.586 64127
277.618 64159
277.648 64127
277.679 64159
277.709 64095
277.74 64351
277.771 64271
277.801 64383
277.832 64191
277.863 64111
277.893 64239
277.923 64351
277.955 64303
277.985 64191
278.015 64127
278.045 64319
278.076 64159
278.106 64447
278.136 64303
278.167 64415
278.198 64399
278.228 64239
278.259 64319
278.29 64383
278.321 64207
278.351 64223
278.381 64223
278.413 64271
278.443 64383
278.474 64335
278.505 64271
278.536 64207
278.566 64191
278.596 64191
278.626 64287
278.658 64399
278.688 64351
278.718 64095
278.749 64143
278.78 64383
278.81 64159
278.84 64127
278.872 64303
278.902 64095
278.932 64143
278.962 64111
278.993 64287
279.023 64271
279.053 64367
279.083 64111
279.114 64079
279.144 64319
279.174 64271
279.206 64223
279.236 64399
279.267 64047
279.297 64271
279.329 64415
279.359 64159
279.389 64223
279.42 64271
279.451 64287
279.482 64319
279.514 64271
279.545 64319
279.577 64367
279.607 64335
279.639 64079
279.67 64223
279.701 64079
279.731 64223
279.762 64223
279.793 64175
279.824 64351
279.854 64159
279.885 64063
279.916 64127
279.947 64191
279.978 64191
280.008 64255
280.039 64191
280.069 64175
280.1 64095
280.13 64127
280.161 64207
280.191 64303
280.222 64383
280.252 64335
280.283 64111
280.314 64255
280.344 64095
280.375 64319
280.405 64143
280.435 64351
280.465 63935
280.496 64383
280.526 64239
280.556 64079
280.586 64207
280.617 64383
280.647 64143
280.677 64159
280.708 64175
280.739 64143
280.769 64127
280.799 64047
280.83 64319
280.861 64207
280.891 64239
280.921 64367
280.952 64351
280.983 64095
281.013 64271
281.043 64175
281.074 64367
281.104 64271
281.134 64335
281.166 64303
281.196 64127
281.226 64351
281.256 64351
281.288 64143
281.318 64191
281.348 64127
281.378 64271
281.409 64143
281.439 64271
281.469 64271
281.5 64127
281.53 64303
281.561 64223
281.591 64111
281.622 64319
281.652 64335
281.683 64191
281.713 64159
281.745 64063
281.775 64095
281.805 64383
281.836 64415
281.867 64319
281.897 64143
281.928 64111
281.959 64143
281.99 64287
282.021 64175
282.051 64255
282.082 64383
282.113 64159
282.144 64223
282.174 64207
282.205 64143
282.235 64111
282.265 64335
282.295 64223
282.326 64255
282.356 64319
282.387 64111
282.417 64447
282.448 64271
282.478 64159
282.508 64367
282.539 64335
282.57 64191
282.602 64063
282.632 64303
282.663 63887
282.693 64367
282.724 64383
282.754 64175
282.786 64287
282.816 64191
282.846 64175
282.876 64111
282.908 64319
282.938 64127
282.968 64367
283.0 64335
283.03 64367
283.06 64367
283.09 64111
283.121 64351
283.151 64191
283.181 64111
283.211 64127
283.242 64335
283.272 64431
283.302 64367
283.333 64223
283.364 64367
283.395 64271
283.425 65311
283.456 64639
283.486 64367
283.517 64303
283.547 64159
283.578 64111
283.608 64287
283.638 64319
283.668 64335
283.699 64351
283.729 64095
283.76 64223
283.791 64271
283.821 64335
283.852 64143
283.882 64191
283.913 64223
283.943 64175
283.974 64207
284.004 64351
284.036 64287
284.066 64031
284.097 64223
284.127 64239
284.158 64287
284.188 64399
284.218 64207
284.249 64159
284.279 64415
284.31 64287
284.341 64287
284.372 64287
284.402 64175
284.432 64287
284.462 64143
284.494 64335
284.524 64223
284.555 64367
284.585 64079
284.616 64351
284.647 64191
284.678 64335
284.708 64111
284.74 64271
284.771 64383
284.801 64127
284.832 64383
284.863 64207
284.893 64143
284.923 64351
284.954 64063
284.984 64495
285.014 64319
285.044 64303
285.075 64111
285.106 64335
285.136 63967
285.166 64447
285.197 64367
285.227 64127
285.257 64367