0:0:0 1.03 0.00000000 0.00000000 -99.00 -99.00 0.00 80.00 0.00 38.01 1008.52 35.20 0 0 17 
0:0:0 1.29 0.00000000 0.00000000 -99.00 -99.00 0.00 79.00 0.00 38.11 1008.55 35.23 0 0 17 
19:46:59 1.49 30.69446182 -88.19453430 -99.00 -99.00 53.40 79.00 0.00 38.14 1008.51 35.27 0 0 17 
19:46:59 1.69 30.69446182 -88.19453430 -99.00 -99.00 53.40 79.00 0.00 38.16 1008.56 35.29 15 5 17 
19:46:59 1.89 30.69446182 -88.19453430 -99.00 -99.00 53.40 79.00 0.00 38.16 1008.51 35.31 15 5 17 
19:46:59 2.09 30.69446182 -88.19453430 -99.00 -99.00 53.40 79.00 0.00 38.16 1008.56 35.31 15 5 17 
19:46:59 2.29 30.69446182 -88.19453430 -99.00 -99.00 53.40 79.00 0.00 38.17 1008.56 35.35 15 5 17 
19:47:0 2.49 30.69445800 -88.19454956 -99.00 -99.00 53.10 79.00 0.00 38.17 1008.55 35.39 15 5 17 
19:47:0 2.69 30.69445800 -88.19454956 -99.00 -99.00 53.10 79.00 0.00 38.17 1008.54 35.49 15 5 17 
19:47:0 2.90 30.69445800 -88.19454956 -99.00 -99.00 53.10 79.00 0.00 38.17 1008.58 35.61 15 5 17 
19:47:0 3.10 30.69445800 -88.19454956 -99.00 -99.00 53.10 79.00 0.00 38.17 1008.56 35.73 15 5 17 
19:47:0 3.30 30.69445800 -88.19454956 -99.00 -99.00 53.10 79.00 0.00 38.16 1008.58 35.82 15 5 17 
19:47:1 3.50 30.69445800 -88.19454956 -99.00 -99.00 53.00 79.00 0.00 38.16 1008.54 35.89 15 5 17 
19:47:1 3.70 30.69445800 -88.19454956 -99.00 -99.00 53.00 79.00 0.00 38.15 1008.54 35.98 15 5 17 
19:47:1 3.90 30.69445800 -88.19454956 -99.00 -99.00 53.00 79.00 0.00 38.15 1008.50 36.04 15 5 17 
19:47:1 4.10 30.69445800 -88.19454956 -99.00 -99.00 53.00 79.00 0.00 38.14 1008.50 36.17 15 5 17 
19:47:1 4.30 30.69445800 -88.19454956 -99.00 -99.00 53.00 79.00 0.00 38.13 1008.53 36.28 15 5 17 
19:47:2 4.50 30.69446182 -88.19454956 -99.00 -99.00 53.00 79.00 0.00 38.12 1008.49 36.30 15 5 17 
19:47:2 4.71 30.69446182 -88.19454956 -99.00 -99.00 53.00 79.00 0.00 38.11 1008.50 36.29 15 5 17 
19:47:2 4.91 30.69446182 -88.19454956 -99.00 -99.00 53.00 79.00 0.00 38.10 1008.53 36.28 15 5 17 
19:47:2 5.11 30.69446182 -88.19454956 -99.00 -99.00 53.00 79.00 0.00 38.10 1008.54 36.25 15 5 17 
19:47:2 5.31 30.69446182 -88.19454956 -99.00 -99.00 53.00 79.00 0.00 38.10 1008.58 36.37 15 5 17 
19:47:3 5.51 30.69445419 -88.19454956 -99.00 -99.00 53.00 79.00 0.00 38.09 1008.55 36.58 15 5 17 
19:47:3 5.71 30.69445419 -88.19454956 -99.00 -99.00 53.00 79.00 0.00 38.08 1008.51 36.81 15 5 17 
19:47:3 5.91 30.69445419 -88.19454956 -99.00 -99.00 53.00 79.00 0.00 38.07 1008.49 37.12 15 5 17 
