14:2:21 1.22 0.00000000 0.00000000 -99.00 -99.00 0.00 80.00 0.00 27.40 1006.49 73.73 30 3 17 
14:2:21 1.42 0.00000000 0.00000000 -99.00 -99.00 0.00 80.00 0.00 27.49 1006.50 73.70 30 3 17 
14:2:21 1.62 0.00000000 0.00000000 -99.00 -99.00 0.00 80.00 0.00 27.54 1006.54 73.63 30 3 17 
14:2:21 1.82 0.00000000 0.00000000 -99.00 -99.00 0.00 80.00 0.00 27.56 1006.54 73.54 30 3 17 
14:2:21 2.02 0.00000000 0.00000000 -99.00 -99.00 0.00 80.00 0.00 27.58 1006.58 73.45 30 3 17 
14:2:22 2.22 0.00000000 0.00000000 -99.00 -99.00 0.00 80.00 0.00 27.60 1006.51 73.37 30 3 17 
14:2:22 2.42 0.00000000 0.00000000 -99.00 -99.00 0.00 80.00 0.00 27.60 1006.57 73.28 30 3 17 
14:2:22 2.63 0.00000000 0.00000000 -99.00 -99.00 0.00 80.00 0.00 27.60 1006.59 73.21 30 3 17 
14:2:22 2.83 0.00000000 0.00000000 -99.00 -99.00 0.00 80.00 0.00 27.60 1006.57 73.15 30 3 17 
14:2:22 3.03 0.00000000 0.00000000 -99.00 -99.00 0.00 80.00 0.00 27.61 1006.53 73.09 30 3 17 
14:2:22 3.23 0.00000000 0.00000000 -99.00 -99.00 0.00 80.00 0.00 27.61 1006.52 73.02 30 3 17 
14:2:22 3.43 0.00000000 0.00000000 -99.00 -99.00 0.00 80.00 0.00 27.62 1006.56 72.97 30 3 17 
14:2:22 3.63 0.00000000 0.00000000 -99.00 -99.00 0.00 80.00 0.00 27.62 1006.57 72.92 30 3 17 
14:2:22 3.83 0.00000000 0.00000000 -99.00 -99.00 0.00 80.00 0.00 27.63 1006.57 72.85 30 3 17 
14:2:22 4.03 0.00000000 0.00000000 -99.00 -99.00 0.00 80.00 0.00 27.63 1006.58 72.81 30 3 17 
14:2:22 4.23 0.00000000 0.00000000 -99.00 -99.00 0.00 80.00 0.00 27.63 1006.56 72.78 30 3 17 
14:2:22 4.43 0.00000000 0.00000000 -99.00 -99.00 0.00 80.00 0.00 27.63 1006.52 72.76 30 3 17 
14:2:22 4.63 0.00000000 0.00000000 -99.00 -99.00 0.00 80.00 0.00 27.62 1006.54 72.72 30 3 17 
14:2:22 4.83 0.00000000 0.00000000 -99.00 -99.00 0.00 80.00 0.00 27.63 1006.57 72.74 30 3 17 
14:2:22 5.03 0.00000000 0.00000000 -99.00 -99.00 0.00 80.00 0.00 27.62 1006.51 72.75 30 3 17 
14:2:22 5.24 0.00000000 0.00000000 -99.00 -99.00 0.00 80.00 0.00 27.60 1006.56 72.70 30 3 17 
14:2:22 5.44 0.00000000 0.00000000 -99.00 -99.00 0.00 80.00 0.00 27.59 1006.54 72.69 30 3 17 
14:2:22 5.64 0.00000000 0.00000000 -99.00 -99.00 0.00 80.00 0.00 27.58 1006.56 72.70 30 3 17 
14:2:22 5.84 0.00000000 0.00000000 -99.00 -99.00 0.00 80.00 0.00 27.58 1006.53 72.69 30 3 17 
14:2:22 6.04 0.00000000 0.00000000 -99.00 -99.00 0.00 80.00 0.00 27.59 1006.53 72.68 30 3 17 
14:2:22 6.24 0.00000000 0.00000000 -99.00 -99.00 0.00 80.00 0.00 27.60 1006.52 72.69 30 3 17 
14:2:22 6.44 0.00000000 0.00000000 -99.00 -99.00 0.00 80.00 0.00 27.61 1006.50 72.69 30 3 17 
14:2:22 6.64 0.00000000 0.00000000 -99.00 -99.00 0.00 80.00 0.00 27.61 1006.49 72.70 30 3 17 
14:2:22 6.84 0.00000000 0.00000000 -99.00 -99.00 0.00 80.00 0.00 27.62 1006.53 72.71 30 3 17 
14:2:22 7.04 0.00000000 0.00000000 -99.00 -99.00 0.00 80.00 0.00 27.62 1006.54 72.75 30 3 17 
14:2:22 7.24 0.00000000 0.00000000 -99.00 -99.00 0.00 80.00 0.00 27.63 1006.47 72.72 30 3 17 
14:2:22 7.44 0.00000000 0.00000000 -99.00 -99.00 0.00 82.00 0.01 27.62 1006.49 72.74 30 3 17 
14:2:22 7.64 0.00000000 0.00000000 -99.00 -99.00 0.00 84.00 0.20 27.60 1006.55 72.76 30 3 17 
14:2:22 7.84 0.00000000 0.00000000 -99.00 -99.00 0.00 84.00 0.20 27.59 1006.49 72.79 30 3 17 
14:2:22 8.05 0.00000000 0.00000000 -99.00 -99.00 0.00 84.00 0.20 27.59 1006.53 72.80 30 3 17 
14:2:27 8.25 0.00000000 140.00003051 -99.00 -99.00 0.00 84.00 0.20 27.60 1006.53 72.81 30 3 17 
14:2:27 8.45 0.00000000 140.00003051 -99.00 -99.00 0.00 84.00 0.20 27.61 1006.55 72.81 30 3 17 
14:2:27 8.65 0.00000000 140.00003051 -99.00 -99.00 0.00 84.00 0.20 27.63 1006.49 72.81 30 3 17 
14:2:27 8.85 0.00000000 140.00003051 -99.00 -99.00 0.00 84.00 0.20 27.64 1006.52 72.79 30 3 17 
14:2:28 9.05 0.00000000 0.00000000 -99.00 -99.00 0.00 84.00 0.20 27.65 1006.56 72.75 30 3 17 
14:2:29 9.26 0.00000000 0.00000000 -99.00 -99.00 0.00 85.00 0.30 27.66 1006.58 72.76 30 3 17 
14:2:29 9.46 0.00000000 0.00000000 -99.00 -99.00 0.00 85.00 0.30 27.67 1006.55 72.74 30 3 17 
14:2:29 9.66 0.00000000 0.00000000 -99.00 -99.00 0.00 85.00 0.30 27.68 1006.52 72.72 30 3 17 
14:2:29 9.86 0.00000000 0.00000000 -99.00 -99.00 0.00 85.00 0.30 27.68 1006.53 72.69 30 3 17 
14:2:30 10.06 0.00000000 0.00000000 -99.00 -99.00 0.00 85.00 0.30 27.68 1006.55 72.67 30 3 17 
14:2:30 10.26 0.00000000 0.00000000 -99.00 -99.00 0.00 85.00 0.30 27.69 1006.52 72.62 30 3 17 
14:2:30 10.46 0.00000000 0.00000000 -99.00 -99.00 0.00 85.00 0.30 27.71 1006.57 72.62 30 3 17 
14:2:30 10.66 0.00000000 0.00000000 -99.00 -99.00 0.00 85.00 0.30 27.73 1006.55 72.58 30 3 17 
14:2:30 10.86 0.00000000 0.00000000 -99.00 -99.00 0.00 85.00 0.30 27.75 1006.55 72.57 30 3 17 
14:2:30 11.06 0.00000000 0.00000000 -99.00 -99.00 0.00 85.00 0.30 27.78 1006.57 72.52 30 3 17 
14:2:30 11.27 0.00000000 0.00000000 -99.00 -99.00 0.00 84.00 0.20 27.80 1006.55 72.47 30 3 17 
14:2:31 11.47 0.00000000 140.00003051 -99.00 -99.00 0.00 84.00 0.20 27.83 1006.56 72.43 30 3 17 
14:2:31 11.67 0.00000000 140.00003051 -99.00 -99.00 0.00 84.00 0.20 27.85 1006.60 72.39 30 3 17 
14:2:31 11.87 0.00000000 140.00003051 -99.00 -99.00 0.00 84.00 0.20 27.85 1006.57 72.39 30 3 17 
14:2:31 12.07 0.00000000 140.00003051 -99.00 -99.00 0.00 84.00 0.20 27.86 1006.64 72.32 30 3 17 
14:2:31 12.27 0.00000000 140.00003051 -99.00 -99.00 0.00 84.00 0.20 27.86 1006.60 72.30 30 3 17 
14:2:31 12.47 0.00000000 140.00003051 -99.00 -99.00 0.00 84.00 0.20 27.87 1006.58 72.28 30 3 17 
14:2:32 12.67 0.00000000 140.00003051 -99.00 -99.00 0.00 84.00 0.20 27.89 1006.56 72.27 30 3 17 
14:2:32 12.87 0.00000000 140.00003051 -99.00 -99.00 0.00 84.00 0.20 27.90 1006.61 72.28 30 3 17 
14:2:32 13.07 0.00000000 140.00003051 -99.00 -99.00 0.00 84.00 0.20 27.92 1006.63 72.27 30 3 17 
14:2:32 13.27 0.00000000 140.00003051 -99.00 -99.00 0.00 84.00 0.20 27.94 1006.65 72.28 30 3 17 
14:2:32 13.47 0.00000000 140.00003051 -99.00 -99.00 0.00 84.00 0.20 27.96 1006.63 72.29 30 3 17 
14:2:33 13.67 0.00000000 140.00003051 -99.00 -99.00 0.00 84.00 0.20 27.97 1006.61 72.29 30 3 17 
14:2:33 13.87 0.00000000 140.00003051 -99.00 -99.00 0.00 84.00 0.20 27.99 1006.63 72.31 30 3 17 
14:2:33 14.07 0.00000000 140.00003051 -99.00 -99.00 0.00 84.00 0.20 28.02 1006.63 72.33 30 3 17 
14:2:33 14.27 0.00000000 140.00003051 -99.00 -99.00 0.00 84.00 0.20 28.04 1006.65 72.33 30 3 17 
14:2:33 14.48 0.00000000 140.00003051 -99.00 -99.00 0.00 84.00 0.20 28.06 1006.70 72.34 30 3 17 
14:2:34 14.68 0.00000000 140.00003051 -99.00 -99.00 0.00 84.00 0.20 28.09 1006.66 72.36 30 3 17 
14:2:34 14.88 0.00000000 140.00003051 -99.00 -99.00 0.00 84.00 0.20 28.11 1006.63 72.36 30 3 17 
14:2:34 15.08 0.00000000 140.00003051 -99.00 -99.00 0.00 84.00 0.20 28.12 1006.65 72.35 30 3 17 
14:2:34 15.28 0.00000000 140.00003051 -99.00 -99.00 0.00 84.00 0.20 28.12 1006.64 72.33 30 3 17 
14:2:34 15.48 0.00000000 140.00003051 -99.00 -99.00 0.00 84.00 0.20 28.12 1006.67 72.32 30 3 17 
14:2:35 15.68 0.00000000 140.00003051 -99.00 -99.00 0.00 84.00 0.20 28.14 1006.62 72.29 30 3 17 
14:2:35 15.88 0.00000000 140.00003051 -99.00 -99.00 0.00 84.00 0.20 28.15 1006.68 72.28 30 3 17 
14:2:35 16.08 0.00000000 140.00003051 -99.00 -99.00 0.00 84.00 0.20 28.17 1006.67 72.26 30 3 17 
14:2:35 16.28 0.00000000 140.00003051 -99.00 -99.00 0.00 84.00 0.20 28.19 1006.67 72.25 30 3 17 
14:2:35 16.48 0.00000000 140.00003051 -99.00 -99.00 0.00 84.00 0.20 28.20 1006.61 72.24 30 3 17 
14:2:36 16.68 0.00000000 140.00003051 -99.00 -99.00 0.00 84.00 0.20 28.23 1006.66 72.24 30 3 17 
14:2:36 16.88 0.00000000 140.00003051 -99.00 -99.00 0.00 84.00 0.20 28.24 1006.64 72.24 30 3 17 
14:2:36 17.08 0.00000000 140.00003051 -99.00 -99.00 0.00 84.00 0.20 28.25 1006.64 72.24 30 3 17 
14:2:36 17.29 0.00000000 140.00003051 -99.00 -99.00 0.00 84.00 0.20 28.26 1006.61 72.25 30 3 17 
14:2:37 17.49 0.00000000 140.00003051 -99.00 -99.00 0.00 84.00 0.20 28.27 1006.62 72.23 30 3 17 
14:2:37 17.69 0.00000000 140.00003051 -99.00 -99.00 0.00 84.00 0.20 28.28 1006.68 72.19 30 3 17 
14:2:37 17.89 0.00000000 140.00003051 -99.00 -99.00 0.00 84.00 0.20 28.29 1006.64 72.16 30 3 17 
14:2:37 18.09 0.00000000 140.00003051 -99.00 -99.00 0.00 84.00 0.20 28.30 1006.60 72.13 30 3 17 
14:2:37 18.29 0.00000000 140.00003051 -99.00 -99.00 0.00 84.00 0.20 28.32 1006.63 72.08 30 3 17 
14:2:38 18.49 0.00000000 140.00003051 -99.00 -99.00 0.00 84.00 0.20 28.34 1006.61 72.02 30 3 17 
14:2:38 18.69 0.00000000 140.00003051 -99.00 -99.00 0.00 84.00 0.20 28.35 1006.64 71.98 30 3 17 
14:2:38 18.89 0.00000000 140.00003051 -99.00 -99.00 0.00 84.00 0.20 28.36 1006.68 71.96 30 3 17 
14:2:38 19.10 0.00000000 140.00003051 -99.00 -99.00 0.00 84.00 0.20 28.38 1006.66 71.92 30 3 17 
14:2:38 19.30 0.00000000 140.00003051 -99.00 -99.00 0.00 84.00 0.20 28.39 1006.62 71.85 30 3 17 
14:2:39 19.50 0.00000000 140.00003051 -99.00 -99.00 0.00 84.00 0.20 28.41 1006.64 71.77 30 3 17 
14:2:39 19.70 0.00000000 140.00003051 -99.00 -99.00 0.00 84.00 0.20 28.43 1006.66 71.66 30 3 17 
14:2:39 19.90 0.00000000 140.00003051 -99.00 -99.00 0.00 84.00 0.20 28.44 1006.67 71.54 30 3 17 
14:2:39 20.10 0.00000000 140.00003051 -99.00 -99.00 0.00 84.00 0.20 28.45 1006.65 71.46 30 3 17 
14:2:39 20.30 0.00000000 140.00003051 -99.00 -99.00 0.00 84.00 0.20 28.46 1006.66 71.37 30 3 17 
14:2:40 20.50 0.00000000 140.00003051 -99.00 -99.00 0.00 84.00 0.20 28.48 1006.62 71.31 30 3 17 
14:2:40 20.70 0.00000000 140.00003051 -99.00 -99.00 0.00 84.00 0.20 28.50 1006.62 71.27 30 3 17 
14:2:40 20.91 0.00000000 140.00003051 -99.00 -99.00 0.00 84.00 0.20 28.52 1006.67 71.21 30 3 17 
14:2:40 21.11 0.00000000 140.00003051 -99.00 -99.00 0.00 84.00 0.20 28.55 1006.71 71.15 30 3 17 
14:2:40 21.31 0.00000000 140.00003051 -99.00 -99.00 0.00 84.00 0.20 28.57 1006.70 71.08 30 3 17 
14:2:41 21.51 0.00000000 140.00003051 -99.00 -99.00 0.00 84.00 0.20 28.58 1006.69 71.03 30 3 17 
14:2:41 21.71 0.00000000 140.00003051 -99.00 -99.00 0.00 84.00 0.20 28.60 1006.70 70.97 30 3 17 
14:2:41 21.91 0.00000000 140.00003051 -99.00 -99.00 0.00 84.00 0.20 28.62 1006.69 70.89 30 3 17 
14:2:41 22.11 0.00000000 140.00003051 -99.00 -99.00 0.00 84.00 0.20 28.64 1006.73 70.83 30 3 17 
14:2:41 22.31 0.00000000 140.00003051 -99.00 -99.00 0.00 84.00 0.20 28.65 1006.68 70.77 30 3 17 
14:2:42 22.52 0.00000000 140.00003051 -99.00 -99.00 0.00 84.00 0.20 28.66 1006.73 70.72 30 3 17 
14:2:42 22.72 0.00000000 140.00003051 -99.00 -99.00 0.00 84.00 0.20 28.67 1006.67 70.68 30 3 17 
14:2:42 22.92 0.00000000 140.00003051 -99.00 -99.00 0.00 84.00 0.20 28.68 1006.73 70.66 30 3 17 
14:2:42 23.12 0.00000000 140.00003051 -99.00 -99.00 0.00 84.00 0.20 28.69 1006.70 70.65 30 3 17 
14:2:42 23.32 0.00000000 140.00003051 -99.00 -99.00 0.00 84.00 0.20 28.70 1006.76 70.64 30 3 17 
14:2:42 23.52 0.00000000 140.00003051 -99.00 -99.00 0.00 84.00 0.20 28.71 1006.67 70.58 30 3 17 
14:2:43 23.72 0.00000000 140.00003051 -99.00 -99.00 0.00 84.00 0.20 28.73 1006.71 70.51 30 3 17 
14:2:43 23.92 0.00000000 140.00003051 -99.00 -99.00 0.00 84.00 0.20 28.74 1006.65 70.47 30 3 17 
14:2:43 24.12 0.00000000 140.00003051 -99.00 -99.00 0.00 84.00 0.20 28.75 1006.73 70.41 30 3 17 
14:2:43 24.33 0.00000000 140.00003051 -99.00 -99.00 0.00 84.00 0.20 28.75 1006.69 70.39 30 3 17 
14:2:43 24.53 0.00000000 140.00003051 -99.00 -99.00 0.00 84.00 0.20 28.76 1006.68 70.36 30 3 17 
14:2:44 24.73 0.00000000 140.00003051 -99.00 -99.00 0.00 84.00 0.20 28.77 1006.66 70.32 30 3 17 
14:2:44 24.93 0.00000000 140.00003051 -99.00 -99.00 0.00 84.00 0.20 28.78 1006.68 70.30 30 3 17 
14:2:44 25.13 0.00000000 140.00003051 -99.00 -99.00 0.00 84.00 0.20 28.79 1006.67 70.29 30 3 17 
14:2:44 25.33 0.00000000 140.00003051 -99.00 -99.00 0.00 84.00 0.20 28.79 1006.59 70.25 30 3 17 
14:2:44 25.53 0.00000000 140.00003051 -99.00 -99.00 0.00 84.00 0.20 28.81 1006.62 70.21 30 3 17 
14:2:45 25.73 0.00000000 140.00003051 -99.00 -99.00 0.00 84.00 0.20 28.81 1006.67 70.17 30 3 17 
14:2:45 25.93 0.00000000 140.00003051 -99.00 -99.00 0.00 84.00 0.20 28.81 1006.64 70.12 30 3 17 
14:2:45 26.14 0.00000000 140.00003051 -99.00 -99.00 0.00 83.00 0.10 28.81 1006.67 70.06 30 3 17 
14:2:45 26.34 0.00000000 140.00003051 -99.00 -99.00 0.00 83.00 0.10 28.81 1006.62 69.99 30 3 17 
14:2:45 26.54 0.00000000 140.00003051 -99.00 -99.00 0.00 83.00 0.10 28.82 1006.66 69.91 30 3 17 
14:2:46 26.74 0.00000000 140.00003051 -99.00 -99.00 0.00 83.00 0.10 28.82 1006.67 69.83 30 3 17 
14:2:46 26.94 0.00000000 140.00003051 -99.00 -99.00 0.00 83.00 0.10 28.83 1006.64 69.76 30 3 17 
14:2:46 27.14 0.00000000 140.00003051 -99.00 -99.00 0.00 83.00 0.10 28.83 1006.64 69.67 30 3 17 
14:2:46 27.34 0.00000000 140.00003051 -99.00 -99.00 0.00 83.00 0.10 28.85 1006.68 69.61 30 3 17 
14:2:46 27.54 0.00000000 140.00003051 -99.00 -99.00 0.00 83.00 0.10 28.85 1006.68 69.53 30 3 17 
14:2:47 27.75 0.00000000 140.00003051 -99.00 -99.00 0.00 83.00 0.10 28.85 1006.69 69.45 30 3 17 
14:2:47 27.95 0.00000000 140.00003051 -99.00 -99.00 0.00 83.00 0.10 28.85 1006.65 69.44 30 3 17 
14:2:47 28.15 0.00000000 140.00003051 -99.00 -99.00 0.00 83.00 0.10 28.85 1006.61 69.37 30 3 17 
14:2:47 28.35 0.00000000 140.00003051 -99.00 -99.00 0.00 83.00 0.10 28.85 1006.64 69.33 30 3 17 
14:2:47 28.55 0.00000000 140.00003051 -99.00 -99.00 0.00 83.00 0.10 28.84 1006.65 69.28 30 3 17 
14:2:47 28.75 0.00000000 140.00003051 -99.00 -99.00 0.00 83.00 0.10 28.84 1006.69 69.27 30 3 17 
14:2:47 28.95 0.00000000 140.00003051 -99.00 -99.00 0.00 83.00 0.10 28.85 1006.69 69.26 30 3 17 
14:2:47 29.15 0.00000000 140.00003051 -99.00 -99.00 0.00 83.00 0.10 28.86 1006.60 69.25 30 3 17 
14:2:47 29.35 0.00000000 140.00003051 -99.00 -99.00 0.00 83.00 0.10 28.87 1006.66 69.23 30 3 17 
14:2:47 29.56 0.00000000 140.00003051 -99.00 -99.00 0.00 83.00 0.10 28.89 1006.68 69.30 30 3 17 
14:2:47 29.76 0.00000000 140.00003051 -99.00 -99.00 0.00 82.00 0.01 28.89 1006.67 69.27 30 3 17 
14:2:47 29.96 0.00000000 140.00003051 -99.00 -99.00 0.00 82.00 0.01 28.89 1006.69 69.36 30 3 17 
14:2:47 30.16 0.00000000 140.00003051 -99.00 -99.00 0.00 82.00 0.01 28.88 1006.68 69.45 30 3 17 
14:2:47 30.36 0.00000000 140.00003051 -99.00 -99.00 0.00 82.00 0.01 28.88 1006.69 69.43 30 3 17 
14:2:47 30.56 0.00000000 140.00003051 -99.00 -99.00 0.00 82.00 0.01 28.89 1006.71 69.55 30 3 17 
14:2:47 30.76 0.00000000 140.00003051 -99.00 -99.00 0.00 82.00 0.01 28.90 1006.73 69.56 30 3 17 
14:2:47 30.96 0.00000000 140.00003051 -99.00 -99.00 0.00 82.00 0.01 28.90 1006.73 69.48 30 3 17 
14:2:47 31.17 0.00000000 140.00003051 -99.00 -99.00 0.00 82.00 0.01 28.91 1006.68 69.44 30 3 17 
14:2:47 31.37 0.00000000 140.00003051 -99.00 -99.00 0.00 82.00 0.01 28.92 1006.73 69.42 30 3 17 
14:2:50 31.57 0.00000000 0.00000000 -99.00 -99.00 0.00 82.00 0.01 28.92 1006.73 69.46 30 3 17 
14:2:50 31.77 0.00000000 0.00000000 -99.00 -99.00 0.00 82.00 0.01 28.93 1006.72 69.45 30 3 17 
14:2:50 31.97 0.00000000 0.00000000 -99.00 -99.00 0.00 82.00 0.01 28.95 1006.71 69.45 30 3 17 
14:2:50 32.17 0.00000000 0.00000000 -99.00 -99.00 0.00 82.00 0.01 28.95 1006.79 69.50 30 3 17 
14:2:50 32.37 0.00000000 0.00000000 -99.00 -99.00 0.00 82.00 0.01 28.97 1006.73 69.54 30 3 17 
14:2:51 32.57 0.00000000 0.00000000 -99.00 -99.00 0.00 82.00 0.01 28.98 1006.75 69.58 30 3 17 
14:2:51 32.77 0.00000000 0.00000000 -99.00 -99.00 0.00 82.00 0.01 28.99 1006.73 69.60 30 3 17 
14:2:51 32.97 0.00000000 0.00000000 -99.00 -99.00 0.00 82.00 0.01 29.01 1006.73 69.56 30 3 17 
14:2:51 33.18 0.00000000 0.00000000 -99.00 -99.00 0.00 82.00 0.01 29.02 1006.73 69.53 30 3 17 
14:2:51 33.38 0.00000000 0.00000000 -99.00 -99.00 0.00 82.00 0.01 29.03 1006.78 69.47 30 3 17 
14:2:52 33.58 0.00000000 0.00000000 -99.00 -99.00 0.00 82.00 0.01 29.04 1006.75 69.41 30 3 17 
14:2:52 33.78 0.00000000 0.00000000 -99.00 -99.00 0.00 82.00 0.01 29.05 1006.77 69.38 30 3 17 
14:2:52 33.98 0.00000000 0.00000000 -99.00 -99.00 0.00 82.00 0.01 29.04 1006.73 69.36 30 3 17 
14:2:52 34.18 0.00000000 0.00000000 -99.00 -99.00 0.00 82.00 0.01 29.04 1006.79 69.39 30 3 17 
14:2:52 34.38 0.00000000 0.00000000 -99.00 -99.00 0.00 82.00 0.01 29.06 1006.72 69.38 30 3 17 
14:2:53 34.59 0.00000000 140.00004577 -99.00 -99.00 0.00 82.00 0.01 29.07 1006.73 69.36 30 3 17 
14:2:53 34.80 0.00000000 140.00004577 -99.00 -99.00 0.00 82.00 0.01 29.10 1006.68 69.33 30 3 17 
14:2:54 35.00 0.00000000 140.00004577 -99.00 -99.00 0.00 82.00 0.01 29.13 1006.68 69.41 30 3 17 
14:2:54 35.20 0.00000000 140.00004577 -99.00 -99.00 0.00 82.00 0.01 29.16 1006.72 69.50 30 3 17 
14:2:54 35.40 0.00000000 140.00004577 -99.00 -99.00 0.00 82.00 0.01 29.17 1006.73 69.52 30 3 17 
14:2:54 35.60 0.00000000 140.00004577 -99.00 -99.00 0.00 82.00 0.01 29.19 1006.74 69.51 30 3 17 
14:2:54 35.81 0.00000000 140.00004577 -99.00 -99.00 0.00 82.00 0.01 29.21 1006.75 69.48 30 3 17 
14:2:54 36.01 0.00000000 140.00004577 -99.00 -99.00 0.00 82.00 0.01 29.22 1006.71 69.41 30 3 17 
14:2:54 36.21 0.00000000 140.00004577 -99.00 -99.00 0.00 82.00 0.01 29.24 1006.73 69.32 30 3 17 
14:2:54 36.41 0.00000000 140.00004577 -99.00 -99.00 0.00 82.00 0.01 29.25 1006.71 69.23 30 3 17 
1:40:25 36.61 14.00004291 -0.00146830 -99.00 -99.00 0.00 82.00 0.01 29.27 1006.76 69.17 30 3 17 
1:40:25 36.81 14.00004291 -0.00146830 -99.00 -99.00 0.00 83.00 0.10 29.29 1006.75 69.08 30 3 17 
1:40:25 37.01 14.00004291 -0.00146830 -99.00 -99.00 0.00 84.00 0.20 29.30 1006.72 69.02 30 3 17 
1:40:25 37.21 14.00004291 -0.00146830 -99.00 -99.00 0.00 84.00 0.20 29.30 1006.73 68.96 30 3 17 
1:40:25 37.42 14.00004291 -0.00146830 -99.00 -99.00 0.00 84.00 0.20 29.30 1006.68 68.83 30 3 17 
14:2:56 37.62 0.00050160 -125.81666564 -99.00 -99.00 0.00 84.00 0.20 29.31 1006.76 68.82 30 3 17 
14:2:56 37.82 0.00050160 -125.81666564 -99.00 -99.00 0.00 84.00 0.20 29.32 1006.78 68.76 30 3 17 
14:2:56 38.02 0.00050160 -125.81666564 -99.00 -99.00 0.00 84.00 0.20 29.32 1006.79 68.71 30 3 17 
14:2:56 38.22 0.00050160 -125.81666564 -99.00 -99.00 0.00 84.00 0.20 29.32 1006.79 68.64 30 3 17 
14:2:56 38.42 0.00050160 -125.81666564 -99.00 -99.00 0.00 85.00 0.30 29.33 1006.76 68.58 30 3 17 
14:2:56 38.62 0.00050160 -88.19456481 -99.00 -99.00 0.00 85.00 0.30 29.33 1006.74 68.52 30 3 17 
14:2:56 38.82 0.00050160 -88.19456481 -99.00 -99.00 0.00 86.00 0.39 29.35 1006.73 68.48 30 3 17 
14:2:56 39.02 0.00050160 -88.19456481 -99.00 -99.00 0.00 86.00 0.39 29.36 1006.77 68.43 30 3 17 
14:2:56 39.22 0.00050160 -88.19456481 -99.00 -99.00 0.00 86.00 0.39 29.36 1006.76 68.36 30 3 17 
14:2:56 39.43 0.00050160 -88.19456481 -99.00 -99.00 0.00 86.00 0.39 29.36 1006.75 68.28 30 3 17 
14:2:58 39.63 0.00000000 -125.81666564 -99.00 -99.00 0.00 86.00 0.39 29.36 1006.72 68.28 30 3 17 
14:2:58 39.83 0.00000000 -125.81666564 -99.00 -99.00 0.00 86.00 0.39 29.38 1006.80 68.21 30 3 17 
14:2:58 40.03 0.00000000 -125.81666564 -99.00 -99.00 0.00 86.00 0.39 29.41 1006.74 68.17 30 3 17 
14:2:58 40.23 0.00000000 -125.81666564 -99.00 -99.00 0.00 86.00 0.39 29.43 1006.79 68.12 30 3 17 
14:2:58 40.43 0.00000000 -125.81666564 -99.00 -99.00 0.00 86.00 0.39 29.46 1006.75 68.06 30 3 17 
14:2:59 40.63 0.00000500 -125.81666564 -99.00 -99.00 0.00 85.00 0.30 29.47 1006.76 68.04 30 3 17 
14:2:59 40.83 0.00000500 -125.81666564 -99.00 -99.00 0.00 85.00 0.30 29.49 1006.74 67.98 30 3 17 
14:2:59 41.03 0.00000500 -125.81666564 -99.00 -99.00 0.00 85.00 0.30 29.51 1006.68 67.93 30 3 17 
14:2:59 41.23 0.00000500 -125.81666564 -99.00 -99.00 0.00 85.00 0.30 29.52 1006.73 67.87 30 3 17 
14:2:59 41.44 0.00000500 -125.81666564 -99.00 -99.00 0.00 85.00 0.30 29.53 1006.71 67.79 30 3 17 
14:3:0 41.64 0.00050160 -88.19451141 -99.00 -99.00 0.00 85.00 0.30 29.55 1006.74 67.70 30 3 17 
14:3:0 41.84 0.00050160 -88.19451141 -99.00 -99.00 0.00 85.00 0.30 29.56 1006.72 67.63 30 3 17 
14:3:0 42.04 0.00050160 -88.19451141 -99.00 -99.00 0.00 85.00 0.30 29.57 1006.74 67.54 30 3 17 
14:3:0 42.24 0.00050160 -88.19451141 -99.00 -99.00 0.00 85.00 0.30 29.57 1006.67 67.47 30 3 17 
14:3:0 42.44 0.00050160 -88.19451141 -99.00 -99.00 0.00 85.00 0.30 29.58 1006.68 67.38 30 3 17 
14:3:0 42.64 30.69440460 -88.19451141 -99.00 -99.00 0.00 85.00 0.30 29.58 1006.74 67.35 0 3 17 
14:3:0 42.84 30.69440460 -88.19451141 -99.00 -99.00 0.00 84.00 0.20 29.58 1006.66 67.28 0 3 17 
14:3:0 43.04 30.69440460 -88.19451141 -99.00 -99.00 0.00 84.00 0.20 29.57 1006.66 67.20 0 3 17 
14:3:0 43.25 30.69440460 -88.19451141 -99.00 -99.00 0.00 84.00 0.20 29.58 1006.65 67.13 0 3 17 
14:3:0 43.45 30.69440460 -88.19451141 -99.00 -99.00 0.00 84.00 0.20 29.57 1006.70 67.07 0 3 17 
14:3:2 43.65 0.00005000 -125.81666564 -99.00 -99.00 0.00 84.00 0.20 29.58 1006.70 67.00 0 3 17 
14:3:2 43.85 0.00005000 -125.81666564 -99.00 -99.00 0.00 84.00 0.20 29.57 1006.64 66.94 0 3 17 
14:3:2 44.05 0.00005000 -125.81666564 -99.00 -99.00 0.00 84.00 0.20 29.57 1006.69 66.91 0 3 17 
14:3:2 44.25 0.00005000 -125.81666564 -99.00 -99.00 0.00 84.00 0.20 29.58 1006.64 66.85 0 3 17 
14:3:2 44.45 0.00005000 -125.81666564 -99.00 -99.00 0.00 84.00 0.20 29.58 1006.66 66.85 0 3 17 
14:3:3 44.65 0.00050160 -88.19453430 -99.00 -99.00 0.00 84.00 0.20 29.59 1006.73 66.76 0 3 17 
14:3:3 44.86 0.00050160 -88.19453430 -99.00 -99.00 0.00 84.00 0.20 29.60 1006.72 66.70 0 3 17 
14:3:3 45.06 0.00050160 -88.19453430 -99.00 -99.00 0.00 84.00 0.20 29.61 1006.74 66.65 0 3 17 
14:3:3 45.26 0.00050160 -88.19453430 -99.00 -99.00 0.00 84.00 0.20 29.62 1006.75 66.56 0 3 17 
14:3:3 45.46 0.00050160 -88.19453430 -99.00 -99.00 0.00 84.00 0.20 29.61 1006.74 66.49 0 3 17 
14:3:4 45.66 0.00050160 -88.19453430 -99.00 -99.00 0.00 84.00 0.20 29.61 1006.70 66.41 0 3 17 
14:3:4 45.86 0.00050160 -88.19453430 -99.00 -99.00 0.00 84.00 0.20 29.62 1006.65 66.35 0 3 17 
14:3:4 46.06 0.00050160 -88.19453430 -99.00 -99.00 0.00 84.00 0.20 29.63 1006.67 66.26 0 3 17 
14:3:4 46.26 0.00050160 -88.19453430 -99.00 -99.00 0.00 84.00 0.20 29.64 1006.65 66.16 0 3 17 
14:3:4 46.46 0.00050160 -88.19453430 -99.00 -99.00 0.00 84.00 0.20 29.64 1006.66 66.03 0 3 17 
14:3:4 46.67 0.00050160 -88.19453430 -99.00 -99.00 0.00 84.00 0.20 29.63 1006.67 66.03 0 3 17 
14:3:4 46.87 0.00050160 -88.19453430 -99.00 -99.00 0.00 84.00 0.20 29.63 1006.65 65.96 0 3 17 
14:3:4 47.07 0.00050160 -88.19453430 -99.00 -99.00 0.00 84.00 0.20 29.63 1006.63 65.91 0 3 17 
14:3:4 47.27 0.00050160 -88.19453430 -99.00 -99.00 0.00 84.00 0.20 29.61 1006.63 65.85 0 3 17 
14:3:4 47.47 0.00050160 -88.19453430 -99.00 -99.00 0.00 84.00 0.20 29.60 1006.60 65.82 0 3 17 
14:3:6 47.67 0.00050160 88.00019836 -99.00 -99.00 0.00 84.00 0.20 29.60 1006.64 65.78 0 3 17 
14:3:6 47.87 0.00050160 88.00019836 -99.00 -99.00 0.00 84.00 0.20 29.59 1006.59 65.76 0 3 17 
14:3:6 48.07 0.00050160 88.00019836 -99.00 -99.00 0.00 83.00 0.10 29.59 1006.61 65.74 0 3 17 
14:3:6 48.27 0.00050160 88.00019836 -99.00 -99.00 0.00 83.00 0.10 29.58 1006.62 65.71 0 3 17 
14:3:6 48.47 0.00050160 88.00019836 -99.00 -99.00 0.00 83.00 0.10 29.57 1006.55 65.69 0 3 17 
14:3:7 48.68 30.69438552 -88.19453430 -99.00 -99.00 0.00 83.00 0.10 29.56 1006.56 65.68 0 3 17 
14:3:7 48.88 30.69438552 -88.19453430 -99.00 -99.00 0.00 83.00 0.10 29.55 1006.59 65.70 0 3 17 
14:3:7 49.08 30.69438552 -88.19453430 -99.00 -99.00 0.00 83.00 0.10 29.53 1006.59 65.75 0 3 17 
14:3:7 49.28 30.69438552 -88.19453430 -99.00 -99.00 0.00 83.00 0.10 29.53 1006.56 65.77 0 3 17 
14:3:8 49.48 0.00050160 -88.19453430 -99.00 -99.00 0.00 83.00 0.10 29.52 1006.64 65.83 0 3 17 
14:3:8 49.68 0.00050160 -88.19453430 -99.00 -99.00 0.00 83.00 0.10 29.52 1006.58 65.86 0 3 17 
14:3:8 49.88 0.00050160 -88.19453430 -99.00 -99.00 0.00 83.00 0.10 29.52 1006.59 65.94 0 3 17 
14:3:8 50.08 0.00050160 -88.19453430 -99.00 -99.00 0.00 83.00 0.10 29.51 1006.58 65.99 0 3 17 
14:3:8 50.29 0.00050160 -88.19453430 -99.00 -99.00 0.00 84.00 0.20 29.51 1006.61 65.99 0 3 17 
14:3:8 50.49 30.69437980 -88.19453430 -99.00 -99.00 0.00 84.00 0.20 29.49 1006.60 65.98 3 0 17 
14:3:8 50.70 30.69437980 -88.19453430 -99.00 -99.00 0.00 84.00 0.20 29.48 1006.56 66.00 3 0 17 
14:3:8 50.90 30.69437980 -88.19453430 -99.00 -99.00 0.00 84.00 0.20 29.45 1006.59 66.02 3 0 17 
14:3:8 51.10 30.69437980 -88.19453430 -99.00 -99.00 0.00 84.00 0.20 29.44 1006.59 66.04 3 0 17 
14:3:8 51.30 30.69437980 -88.19453430 -99.00 -99.00 0.00 84.00 0.20 29.41 1006.56 66.06 3 0 17 
14:3:10 51.50 30.69438552 -88.19453430 -99.00 -99.00 0.00 84.00 0.20 29.40 1006.53 66.05 3 0 17 
14:3:11 51.70 30.69438552 -88.19454956 -99.00 -99.00 0.00 84.00 0.20 29.38 1006.58 66.08 30 3 17 
14:3:11 51.90 30.69438552 -88.19454956 -99.00 -99.00 0.00 84.00 0.20 29.37 1006.58 66.10 30 3 17 
14:3:11 52.10 30.69438552 -88.19454956 -99.00 -99.00 0.00 84.00 0.20 29.36 1006.55 66.10 30 3 17 
14:3:11 52.30 30.69438552 -88.19454956 -99.00 -99.00 0.00 84.00 0.20 29.36 1006.55 66.10 30 3 17 
14:3:12 52.50 30.69438552 -88.19454956 -99.00 -99.00 56.20 85.00 0.30 29.35 1006.60 66.11 30 3 17 
14:3:12 52.71 30.69438552 -88.19454956 -99.00 -99.00 56.20 85.00 0.30 29.34 1006.57 66.15 30 3 17 
14:3:12 52.91 30.69438552 -88.19454956 -99.00 -99.00 56.20 85.00 0.30 29.33 1006.57 66.17 30 3 17 
14:3:12 53.11 30.69438552 -88.19454956 -99.00 -99.00 56.20 85.00 0.30 29.31 1006.54 66.21 30 3 17 
14:3:12 53.31 30.69438552 -88.19454956 -99.00 -99.00 56.20 85.00 0.30 29.30 1006.56 66.23 30 3 17 
14:3:12 53.51 30.69438552 -88.19454956 -99.00 -99.00 56.20 85.00 0.30 29.29 1006.56 66.29 30 3 17 
14:3:12 53.71 30.69438552 -88.19454956 -99.00 -99.00 56.20 85.00 0.30 29.29 1006.63 66.28 3 0 17 
14:3:12 53.91 30.69438552 -88.19454956 -99.00 -99.00 56.20 85.00 0.30 29.30 1006.57 66.29 3 0 17 
14:3:12 54.11 30.69438552 -88.19454956 -99.00 -99.00 56.20 86.00 0.39 29.30 1006.57 66.30 3 0 17 
14:3:12 54.31 30.69438552 -88.19454956 -99.00 -99.00 56.20 86.00 0.39 29.29 1006.54 66.30 3 0 17 
14:3:14 54.52 30.69438552 -88.19454956 -99.00 -99.00 55.60 86.00 0.39 29.28 1006.49 66.28 3 0 17 
14:3:14 54.72 30.69438552 -88.19454956 -99.00 -99.00 55.60 86.00 0.39 29.27 1006.55 66.28 3 0 17 
14:3:14 54.92 30.69438552 -88.19454956 -99.00 -99.00 55.60 86.00 0.39 29.25 1006.54 66.27 3 0 17 
14:3:14 55.12 30.69438552 -88.19454956 -99.00 -99.00 55.60 86.00 0.39 29.23 1006.53 66.26 3 0 17 
14:3:14 55.32 30.69438552 -88.19454956 -99.00 -99.00 55.60 86.00 0.39 29.23 1006.58 66.25 3 0 17 
14:3:14 55.52 30.69438552 -88.19454956 -99.00 -99.00 55.60 86.00 0.39 29.23 1006.49 66.24 3 0 17 
14:3:15 55.72 30.69438552 -88.19454956 -99.00 -99.00 55.30 86.00 0.39 29.23 1006.59 66.24 3 0 17 
14:3:15 55.92 30.69438552 -88.19454956 -99.00 -99.00 55.30 86.00 0.39 29.22 1006.54 66.24 3 0 17 
14:3:15 56.13 30.69438552 -88.19454956 -99.00 -99.00 55.30 86.00 0.39 29.20 1006.54 66.24 3 0 17 
14:3:15 56.33 30.69438552 -88.19454956 -99.00 -99.00 55.30 86.00 0.39 29.18 1006.53 66.26 3 0 17 
14:3:15 56.53 30.69438552 -88.19454956 -99.00 -99.00 55.30 86.00 0.39 29.17 1006.55 66.22 0 0 17 
14:3:15 56.73 30.69438552 -88.19454956 -99.00 -99.00 55.30 86.00 0.39 29.17 1006.55 66.26 0 0 17 
14:3:15 56.93 30.69438552 -88.19454956 -99.00 -99.00 55.30 86.00 0.39 29.16 1006.48 66.27 0 0 17 
14:3:15 57.13 30.69438552 -88.19454956 -99.00 -99.00 55.30 87.00 0.49 29.15 1006.50 66.27 0 0 17 
14:3:15 57.33 30.69438552 -88.19454956 -99.00 -99.00 55.30 87.00 0.49 29.16 1006.53 66.29 0 0 17 
14:3:16 57.53 30.69438552 -88.19454956 -99.00 -99.00 55.30 87.00 0.49 29.16 1006.53 66.32 3 0 17 
14:3:16 57.73 30.69438552 -88.19454956 -99.00 -99.00 55.30 87.00 0.49 29.16 1006.50 66.38 3 0 17 
14:3:16 57.94 30.69438552 -88.19454956 -99.00 -99.00 55.30 87.00 0.49 29.15 1006.52 66.45 3 0 17 
14:3:16 58.14 30.69438552 -88.19454956 -99.00 -99.00 55.30 87.00 0.49 29.14 1006.50 66.54 3 0 17 
14:3:16 58.34 30.69438552 -88.19454956 -99.00 -99.00 55.30 88.00 0.59 29.11 1006.52 66.60 3 0 17 
14:3:18 58.54 30.69438552 -88.19454956 -99.00 -99.00 55.00 88.00 0.59 29.09 1006.52 66.68 3 0 17 
14:3:18 58.74 30.69438552 -88.19454956 -99.00 -99.00 55.00 88.00 0.59 29.06 1006.54 66.75 3 0 17 
14:3:18 58.94 30.69438552 -88.19454956 -99.00 -99.00 55.00 88.00 0.59 29.04 1006.56 66.84 3 0 17 
14:3:18 59.14 30.69438552 -88.19454956 -99.00 -99.00 55.00 88.00 0.59 29.02 1006.49 66.91 3 0 17 
14:3:18 59.34 30.69438552 -88.19454956 -99.00 -99.00 55.00 88.00 0.59 29.00 1006.52 67.01 3 0 17 
14:3:19 59.54 30.69438552 -88.19454956 -99.00 -99.00 55.20 89.00 0.68 28.99 1006.52 67.12 3 0 17 
14:3:19 59.75 30.69438552 -88.19454956 -99.00 -99.00 55.20 89.00 0.68 28.98 1006.54 67.21 3 0 17 
14:3:19 59.95 30.69438552 -88.19454956 -99.00 -99.00 55.20 89.00 0.68 28.98 1006.51 67.29 3 0 17 
14:3:19 60.15 30.69438552 -88.19454956 -99.00 -99.00 55.20 89.00 0.68 28.98 1006.55 67.37 3 0 17 
14:3:19 60.35 30.69438552 -88.19454956 -99.00 -99.00 55.20 89.00 0.68 29.00 1006.52 67.42 3 0 17 
14:3:20 60.55 30.69438552 -88.19454956 -99.00 -99.00 55.30 89.00 0.68 29.00 1006.50 67.40 3 0 17 
14:3:20 60.75 30.69438552 -88.19454956 -99.00 -99.00 55.30 89.00 0.68 29.00 1006.51 67.42 3 0 17 
14:3:20 60.95 30.69438552 -88.19454956 -99.00 -99.00 55.30 89.00 0.68 28.99 1006.52 67.40 3 0 17 
14:3:20 61.15 30.69438552 -88.19454956 -99.00 -99.00 55.30 89.00 0.68 28.98 1006.51 67.38 3 0 17 
14:3:20 61.36 30.69438552 -88.19454956 -99.00 -99.00 55.30 89.00 0.68 28.98 1006.59 67.37 3 0 17 
14:3:20 61.56 30.69438552 -88.19454956 -99.00 -99.00 55.30 89.00 0.68 28.99 1006.51 67.38 3 0 17 
14:3:20 61.76 30.69438552 -88.19454956 -99.00 -99.00 55.30 89.00 0.68 28.99 1006.51 67.41 3 0 17 
14:3:20 61.96 30.69438552 -88.19454956 -99.00 -99.00 55.30 89.00 0.68 28.98 1006.54 67.46 3 0 17 
14:3:20 62.16 30.69438552 -88.19454956 -99.00 -99.00 55.30 89.00 0.68 28.95 1006.50 67.51 3 0 17 
14:3:20 62.36 30.69438552 -88.19454956 -99.00 -99.00 55.30 89.00 0.68 28.93 1006.53 67.56 3 0 17 
14:3:22 62.56 30.69438552 -88.19454956 -99.00 -99.00 55.40 90.00 0.78 28.91 1006.53 67.63 3 0 17 
14:3:22 62.76 30.69438552 -88.19454956 -99.00 -99.00 55.40 90.00 0.78 28.88 1006.58 67.71 3 0 17 
14:3:22 62.97 30.69438552 -88.19454956 -99.00 -99.00 55.40 90.00 0.78 28.85 1006.52 67.80 3 0 17 
14:3:22 63.17 30.69438552 -88.19454956 -99.00 -99.00 55.40 90.00 0.78 28.84 1006.51 67.86 3 0 17 
14:3:22 63.37 30.69438552 -88.19454956 -99.00 -99.00 55.40 90.00 0.78 28.82 1006.54 67.93 3 0 17 
14:3:23 63.57 30.69438552 -88.19453430 -99.00 -99.00 55.60 91.00 0.87 28.81 1006.52 67.99 3 0 17 
14:3:23 63.77 30.69438552 -88.19453430 -99.00 -99.00 55.60 91.00 0.87 28.80 1006.53 68.04 3 0 17 
14:3:23 63.97 30.69438552 -88.19453430 -99.00 -99.00 55.60 91.00 0.87 28.77 1006.57 68.10 3 0 17 
14:3:23 64.17 30.69438552 -88.19453430 -99.00 -99.00 55.60 91.00 0.87 28.75 1006.49 68.16 3 0 17 
14:3:23 64.37 30.69438552 -88.19453430 -99.00 -99.00 55.60 91.00 0.87 28.76 1006.53 68.22 3 0 17 
14:3:24 64.57 30.69438552 -88.19453430 -99.00 -99.00 55.50 90.00 0.78 28.76 1006.52 68.25 3 0 17 
14:3:24 64.77 30.69438552 -88.19453430 -99.00 -99.00 55.50 90.00 0.78 28.75 1006.52 68.30 3 0 17 
14:3:24 64.97 30.69438552 -88.19453430 -99.00 -99.00 55.50 90.00 0.78 28.74 1006.52 68.38 3 0 17 
14:3:24 65.17 30.69438552 -88.19453430 -99.00 -99.00 55.50 90.00 0.78 28.73 1006.51 68.41 3 0 17 
14:3:24 65.37 30.69438552 -88.19453430 -99.00 -99.00 55.50 90.00 0.78 28.73 1006.50 68.43 3 0 17 
14:3:24 65.58 30.69438552 -88.19453430 -99.00 -99.00 55.30 91.00 0.87 28.71 1006.59 68.50 3 0 17 
14:3:24 65.78 30.69438552 -88.19453430 -99.00 -99.00 55.30 91.00 0.87 28.70 1006.57 68.52 3 0 17 
14:3:24 65.98 30.69438552 -88.19453430 -99.00 -99.00 55.30 92.00 0.97 28.70 1006.59 68.61 3 0 17 
14:3:24 66.18 30.69438552 -88.19453430 -99.00 -99.00 55.30 95.00 1.26 28.69 1006.64 68.62 3 0 17 
14:3:26 66.38 30.69438934 -88.19453430 -99.00 -99.00 55.20 96.00 1.36 28.69 1006.67 68.71 3 0 17 
14:3:26 66.58 30.69438934 -88.19453430 -99.00 -99.00 55.20 96.00 1.36 28.69 1006.68 68.80 3 0 17 
14:3:26 66.78 30.69438934 -88.19453430 -99.00 -99.00 55.20 97.00 1.45 28.70 1006.73 68.91 3 0 17 
14:3:26 66.98 30.69438934 -88.19453430 -99.00 -99.00 55.20 97.00 1.45 28.70 1006.70 69.00 3 0 17 
14:3:26 67.19 0.00050160 88.19453430 -99.00 -99.00 0.00 97.00 1.45 28.70 1006.68 69.12 3 0 17 
14:3:26 67.39 0.00050160 88.19453430 -99.00 -99.00 0.00 96.00 1.36 28.69 1006.69 69.22 3 0 17 
14:3:26 67.59 0.00050160 88.19453430 -99.00 -99.00 0.00 94.00 1.16 28.68 1006.67 69.34 3 0 17 
14:3:26 67.79 0.00050160 88.19453430 -99.00 -99.00 0.00 94.00 1.16 28.67 1006.65 69.40 3 0 17 
14:3:26 67.99 0.00050160 88.19453430 -99.00 -99.00 0.00 94.00 1.16 28.67 1006.67 69.36 3 0 17 
14:3:27 68.19 30.69440078 -88.19453430 -99.00 -99.00 0.00 94.00 1.16 28.65 1006.67 69.32 30 3 17 
14:3:28 68.39 30.69440841 -88.19453430 -99.00 -99.00 0.00 94.00 1.16 28.64 1006.67 69.26 30 3 17 
14:3:28 68.59 30.69440841 -88.19453430 -99.00 -99.00 0.00 94.00 1.16 28.63 1006.71 69.23 30 3 17 
14:3:28 68.80 30.69440841 -88.19453430 -99.00 -99.00 0.00 94.00 1.16 28.62 1006.69 69.22 30 3 17 
14:3:28 69.00 30.69440841 -88.19453430 -99.00 -99.00 0.00 93.00 1.07 28.61 1006.70 69.20 30 3 17 
14:3:28 69.20 30.69442176 -88.19453430 -99.00 -99.00 55.20 93.00 1.07 28.61 1006.67 69.16 30 3 17 
14:3:28 69.40 30.69442176 -88.19453430 -99.00 -99.00 55.20 93.00 1.07 28.60 1006.65 69.13 30 3 17 
14:3:28 69.60 30.69442176 -88.19453430 -99.00 -99.00 55.20 93.00 1.07 28.59 1006.67 69.09 30 3 17 
14:3:28 69.80 30.69442176 -88.19453430 -99.00 -99.00 55.20 92.00 0.97 28.58 1006.64 69.02 30 3 17 
14:3:28 70.00 30.69442176 -88.19453430 -99.00 -99.00 55.20 92.00 0.97 28.55 1006.64 68.97 30 3 17 
14:3:30 70.20 30.69443321 -88.19453430 -99.00 -99.00 55.10 92.00 0.97 28.56 1006.65 68.94 30 3 17 
14:3:30 70.40 30.69443321 -88.19453430 -99.00 -99.00 55.10 92.00 0.97 28.55 1006.63 68.91 30 3 17 
14:3:30 70.60 30.69443321 -88.19453430 -99.00 -99.00 55.10 92.00 0.97 28.56 1006.70 68.89 30 3 17 
14:3:30 70.80 30.69443321 -88.19453430 -99.00 -99.00 55.10 92.00 0.97 28.54 1006.69 68.85 30 3 17 
14:3:30 71.00 30.69443321 -88.19453430 -99.00 -99.00 55.10 92.00 0.97 28.54 1006.66 68.81 30 3 17 
14:3:31 71.21 30.69444084 -88.19453430 -99.00 -99.00 54.80 92.00 0.97 28.54 1006.67 68.73 30 3 17 
14:3:31 71.41 30.69444084 -88.19453430 -99.00 -99.00 54.80 93.00 1.07 28.52 1006.65 68.72 30 3 17 
14:3:31 71.61 30.69444084 -88.19453430 -99.00 -99.00 54.80 93.00 1.07 28.51 1006.67 68.69 30 3 17 
14:3:31 71.81 30.69444084 -88.19453430 -99.00 -99.00 54.80 93.00 1.07 28.51 1006.68 68.65 30 3 17 
14:3:31 72.01 30.69444084 -88.19453430 -99.00 -99.00 54.80 93.00 1.07 28.50 1006.62 68.63 30 3 17 
14:3:31 72.21 30.69444084 -88.19453430 -99.00 -99.00 54.80 92.00 0.97 28.48 1006.62 68.62 30 3 17 
14:3:32 72.41 30.69445037 -88.19451141 -99.00 -99.00 54.80 92.00 0.97 28.47 1006.64 68.61 30 3 17 
14:3:32 72.62 30.69445037 -88.19451141 -99.00 -99.00 54.80 92.00 0.97 28.47 1006.65 68.60 30 3 17 
14:3:32 72.82 30.69445037 -88.19451141 -99.00 -99.00 54.80 92.00 0.97 28.46 1006.68 68.60 30 3 17 
14:3:32 73.02 30.69445037 -88.19451141 -99.00 -99.00 54.80 92.00 0.97 28.46 1006.67 68.60 30 3 17 
14:3:32 73.22 30.69445800 -88.19451141 -99.00 -99.00 54.10 92.00 0.97 28.45 1006.72 68.60 30 3 17 
14:3:32 73.42 30.69445800 -88.19451141 -99.00 -99.00 54.10 92.00 0.97 28.45 1006.61 68.60 30 3 17 
14:3:32 73.62 30.69445800 -88.19451141 -99.00 -99.00 54.10 92.00 0.97 28.45 1006.67 68.60 30 3 17 
14:3:32 73.82 30.69445800 -88.19451141 -99.00 -99.00 54.10 92.00 0.97 28.45 1006.65 68.60 30 3 17 
14:3:32 74.02 30.69445800 -88.19451141 -99.00 -99.00 54.10 91.00 0.87 28.45 1006.63 68.60 30 3 17 
14:3:34 74.22 30.69445800 -88.19449615 -99.00 -99.00 53.10 90.00 0.78 28.44 1006.73 68.58 30 3 17 
14:3:34 74.42 30.69445800 -88.19449615 -99.00 -99.00 53.10 90.00 0.78 28.44 1006.68 68.61 3 0 17 
14:3:34 74.62 30.69445800 -88.19449615 -99.00 -99.00 53.10 90.00 0.78 28.43 1006.67 68.61 3 0 17 
14:3:34 74.82 30.69445800 -88.19449615 -99.00 -99.00 53.10 90.00 0.78 28.43 1006.63 68.63 3 0 17 
14:3:34 75.02 30.69445800 -88.19449615 -99.00 -99.00 53.10 90.00 0.78 28.42 1006.61 68.66 3 0 17 
14:3:35 75.23 30.69445419 -88.19449615 -99.00 -99.00 53.00 89.00 0.68 28.42 1006.71 68.67 3 0 17 
14:3:35 75.43 30.69445419 -88.19449615 -99.00 -99.00 53.00 89.00 0.68 28.41 1006.66 68.70 3 0 17 
14:3:35 75.63 30.69445419 -88.19449615 -99.00 -99.00 53.00 89.00 0.68 28.41 1006.61 68.72 3 0 17 
14:3:35 75.83 30.69445419 -88.19449615 -99.00 -99.00 53.00 89.00 0.68 28.41 1006.65 68.73 3 0 17 
14:3:35 76.03 30.69445419 -88.19449615 -99.00 -99.00 53.00 89.00 0.68 28.41 1006.67 68.75 3 0 17 
14:3:36 76.23 30.69445037 -88.19449615 -99.00 -99.00 52.80 89.00 0.68 28.42 1006.69 68.77 3 0 17 
14:3:36 76.43 30.69445037 -88.19449615 -99.00 -99.00 52.80 89.00 0.68 28.41 1006.69 68.83 3 0 17 
14:3:36 76.63 30.69445037 -88.19449615 -99.00 -99.00 52.80 89.00 0.68 28.40 1006.69 68.90 3 0 17 
14:3:36 76.83 30.69445037 -88.19449615 -99.00 -99.00 52.80 87.00 0.49 28.38 1006.69 68.97 3 0 17 
14:3:36 77.03 30.69445037 -88.19449615 -99.00 -99.00 52.80 86.00 0.39 28.37 1006.68 69.06 3 0 17 
14:3:36 77.23 30.69445037 -88.19449615 -99.00 -99.00 52.70 86.00 0.39 28.36 1006.65 69.12 3 0 17 
14:3:36 77.43 30.69445037 -88.19449615 -99.00 -99.00 52.70 86.00 0.39 28.35 1006.67 69.20 3 0 17 
14:3:36 77.63 30.69445037 -88.19449615 -99.00 -99.00 52.70 86.00 0.39 28.34 1006.66 69.23 3 0 17 
14:3:36 77.84 30.69445037 -88.19449615 -99.00 -99.00 52.70 86.00 0.39 28.34 1006.67 69.29 3 0 17 
14:3:36 78.04 30.69445037 -88.19449615 -99.00 -99.00 52.70 86.00 0.39 28.33 1006.66 69.33 3 0 17 
14:3:38 78.24 30.69445037 -88.19449615 -99.00 -99.00 52.50 86.00 0.39 28.32 1006.66 69.39 3 0 17 
14:3:38 78.44 30.69445037 -88.19449615 -99.00 -99.00 52.50 86.00 0.39 28.31 1006.58 69.43 3 0 17 
14:3:38 78.64 30.69445037 -88.19449615 -99.00 -99.00 52.50 86.00 0.39 28.30 1006.64 69.47 3 0 17 
