0:0:0 0.41 0.00000000 0.00000000 0.00 0.00 0.00 79.00 0.00 0 0 0 
0:0:0 0.66 0.00000000 0.00000000 0.00 0.00 0.00 80.00 0.00 0 0 0 
20:42:28 0.86 0.00000000 0.00000000 0.00 0.00 0.00 79.00 0.00 28 3 17 
20:42:28 1.06 0.00000000 0.00000000 0.00 0.00 0.00 79.00 0.00 28 3 17 
20:42:28 1.26 0.00000000 0.00000000 0.00 0.00 0.00 79.00 0.00 28 3 17 
20:42:28 1.46 0.00000000 0.00000000 0.00 0.00 0.00 79.00 0.00 28 3 17 
20:42:29 1.66 0.00000000 0.00000000 0.00 0.00 0.00 80.00 0.00 28 3 17 
20:42:29 1.86 0.00000000 0.00000000 0.00 0.00 0.00 79.00 0.00 28 3 17 
20:42:29 2.07 0.00000000 0.00000000 0.00 0.00 0.00 80.00 0.00 28 3 17 
20:42:29 2.27 0.00000000 0.00000000 0.00 0.00 0.00 80.00 0.00 28 3 17 
20:42:30 2.47 0.00000000 0.00000000 0.00 0.00 0.00 79.00 0.00 28 3 17 
20:42:30 2.67 0.00000000 0.00000000 0.00 0.00 0.00 80.00 0.00 28 3 17 
20:42:30 2.87 0.00000000 0.00000000 0.00 0.00 0.00 79.00 0.00 28 3 17 
20:42:30 3.07 0.00000000 0.00000000 0.00 0.00 0.00 80.00 0.00 28 3 17 
20:42:30 3.27 0.00000000 0.00000000 0.00 0.00 0.00 79.00 0.00 28 3 17 
20:42:31 3.47 0.00000000 0.00000000 0.00 0.00 0.00 79.00 0.00 28 3 17 
20:42:31 3.68 0.00000000 0.00000000 0.00 0.00 0.00 80.00 0.00 28 3 17 
20:42:31 3.88 0.00000000 0.00000000 0.00 0.00 0.00 80.00 0.00 28 3 17 
20:42:31 4.08 0.00000000 0.00000000 0.00 0.00 0.00 80.00 0.00 28 3 17 
20:42:31 4.28 0.00000000 0.00000000 0.00 0.00 0.00 79.00 0.00 28 3 17 
20:42:32 4.48 0.00000000 0.00000000 0.00 0.00 0.00 79.00 0.00 28 3 17 
20:42:32 4.68 0.00000000 0.00000000 0.00 0.00 0.00 79.00 0.00 28 3 17 
20:42:32 4.88 0.00000000 0.00000000 0.00 0.00 0.00 79.00 0.00 28 3 17 
20:42:32 5.08 0.00000000 0.00000000 0.00 0.00 0.00 80.00 0.00 28 3 17 
20:42:32 5.28 0.00000000 0.00000000 0.00 0.00 0.00 80.00 0.00 28 3 17 
20:42:33 5.48 0.00000000 0.00000000 0.00 0.00 0.00 80.00 0.00 28 3 17 
20:42:33 5.68 0.00000000 0.00000000 0.00 0.00 0.00 79.00 0.00 28 3 17 
20:42:33 5.88 0.00000000 0.00000000 0.00 0.00 0.00 79.00 0.00 28 3 17 
20:42:33 6.08 0.00000000 0.00000000 0.00 0.00 0.00 79.00 0.00 28 3 17 
20:42:33 6.28 0.00000000 0.00000000 0.00 0.00 0.00 80.00 0.00 28 3 17 
20:42:34 6.48 0.00000000 0.00000000 0.00 0.00 0.00 80.00 0.00 28 3 17 
20:42:34 6.69 0.00000000 0.00000000 0.00 0.00 0.00 79.00 0.00 28 3 17 
20:42:34 6.89 0.00000000 0.00000000 0.00 0.00 0.00 80.00 0.00 28 3 17 
20:42:34 7.09 0.00000000 0.00000000 0.00 0.00 0.00 79.00 0.00 28 3 17 
20:42:34 7.29 0.00000000 0.00000000 0.00 0.00 0.00 80.00 0.00 28 3 17 
20:42:35 7.49 0.00000000 0.00000000 0.00 0.00 0.00 79.00 0.00 28 3 17 
20:42:35 7.69 0.00000000 0.00000000 0.00 0.00 0.00 79.00 0.00 28 3 17 
20:42:35 7.89 0.00000000 0.00000000 0.00 0.00 0.00 80.00 0.00 28 3 17 
20:42:35 8.09 0.00000000 0.00000000 0.00 0.00 0.00 80.00 0.00 28 3 17 
20:42:35 8.29 0.00000000 0.00000000 0.00 0.00 0.00 80.00 0.00 28 3 17 
20:42:36 8.49 0.00000000 0.00000000 0.00 0.00 0.00 80.00 0.00 28 3 17 
20:42:36 8.69 0.00000000 0.00000000 0.00 0.00 0.00 80.00 0.00 28 3 17 
20:42:36 8.89 0.00000000 0.00000000 0.00 0.00 0.00 80.00 0.00 28 3 17 
20:42:36 9.09 0.00000000 0.00000000 0.00 0.00 0.00 80.00 0.00 28 3 17 
20:42:36 9.29 0.00000000 0.00000000 0.00 0.00 0.00 80.00 0.00 28 3 17 
20:42:37 9.49 0.00000000 0.00000000 0.00 0.00 0.00 80.00 0.00 28 3 17 
20:42:37 9.69 0.00000000 0.00000000 0.00 0.00 0.00 80.00 0.00 28 3 17 
20:42:37 9.90 0.00000000 0.00000000 0.00 0.00 0.00 80.00 0.00 28 3 17 
20:42:37 10.10 0.00000000 0.00000000 0.00 0.00 0.00 80.00 0.00 28 3 17 
20:42:37 10.30 0.00000000 0.00000000 0.00 0.00 0.00 80.00 0.00 28 3 17 
20:42:38 10.50 0.00000000 0.00000000 0.00 0.00 0.00 79.00 0.00 28 3 17 
20:42:38 10.70 0.00000000 0.00000000 0.00 0.00 0.00 79.00 0.00 28 3 17 
20:42:38 10.90 0.00000000 0.00000000 0.00 0.00 0.00 79.00 0.00 28 3 17 
20:42:38 11.10 0.00000000 0.00000000 0.00 0.00 0.00 79.00 0.00 28 3 17 
20:42:38 11.30 0.00000000 0.00000000 0.00 0.00 0.00 79.00 0.00 28 3 17 
20:42:39 11.50 0.00000000 0.00000000 0.00 0.00 0.00 80.00 0.00 28 3 17 
20:42:39 11.70 0.00000000 0.00000000 0.00 0.00 0.00 79.00 0.00 28 3 17 
20:42:39 11.90 0.00000000 0.00000000 0.00 0.00 0.00 80.00 0.00 28 3 17 
20:42:39 12.10 0.00000000 0.00000000 0.00 0.00 0.00 80.00 0.00 28 3 17 
20:42:39 12.30 0.00000000 0.00000000 0.00 0.00 0.00 80.00 0.00 28 3 17 
20:42:40 12.50 0.00000000 0.00000000 0.00 0.00 0.00 79.00 0.00 28 3 17 
20:42:40 12.70 0.00000000 0.00000000 0.00 0.00 0.00 80.00 0.00 28 3 17 
20:42:40 12.90 0.00000000 0.00000000 0.00 0.00 0.00 80.00 0.00 28 3 17 
20:42:40 13.11 0.00000000 0.00000000 0.00 0.00 0.00 80.00 0.00 28 3 17 
20:42:40 13.31 0.00000000 0.00000000 0.00 0.00 0.00 80.00 0.00 28 3 17 
20:42:41 13.51 0.00000000 0.00000000 0.00 0.00 0.00 80.00 0.00 28 3 17 
20:42:41 13.71 0.00000000 0.00000000 0.00 0.00 0.00 80.00 0.00 28 3 17 
20:42:41 13.91 0.00000000 0.00000000 0.00 0.00 0.00 80.00 0.00 28 3 17 
20:42:41 14.11 0.00000000 0.00000000 0.00 0.00 0.00 80.00 0.00 28 3 17 
20:42:41 14.31 0.00000000 0.00000000 0.00 0.00 0.00 80.00 0.00 28 3 17 
20:42:42 14.51 0.00000000 0.00000000 0.00 0.00 0.00 80.00 0.00 28 3 17 
20:42:42 14.71 0.00000000 0.00000000 0.00 0.00 0.00 80.00 0.00 28 3 17 
20:42:42 14.91 0.00000000 0.00000000 0.00 0.00 0.00 80.00 0.00 28 3 17 
20:42:42 15.11 0.00000000 0.00000000 0.00 0.00 0.00 80.00 0.00 28 3 17 
20:42:42 15.31 0.00000000 0.00000000 0.00 0.00 0.00 79.00 0.00 28 3 17 
20:42:43 15.52 0.00000000 0.00000000 0.00 0.00 0.00 79.00 0.00 28 3 17 
20:42:43 15.72 0.00000000 0.00000000 0.00 0.00 0.00 79.00 0.00 28 3 17 
20:42:43 15.92 0.00000000 0.00000000 0.00 0.00 0.00 80.00 0.00 28 3 17 
20:42:43 16.12 0.00000000 0.00000000 0.00 0.00 0.00 80.00 0.00 28 3 17 
20:42:43 16.32 0.00000000 0.00000000 0.00 0.00 0.00 80.00 0.00 28 3 17 
20:42:44 16.52 0.00000000 0.00000000 0.00 0.00 0.00 80.00 0.00 28 3 17 
20:42:44 16.72 0.00000000 0.00000000 0.00 0.00 0.00 80.00 0.00 28 3 17 
20:42:44 16.92 0.00000000 0.00000000 0.00 0.00 0.00 80.00 0.00 28 3 17 
20:42:44 17.12 0.00000000 0.00000000 0.00 0.00 0.00 80.00 0.00 28 3 17 
20:42:44 17.32 0.00000000 0.00000000 0.00 0.00 0.00 80.00 0.00 28 3 17 
20:42:45 17.52 0.00000000 0.00000000 0.00 0.00 0.00 80.00 0.00 28 3 17 
20:42:45 17.72 0.00000000 0.00000000 0.00 0.00 0.00 80.00 0.00 28 3 17 
20:42:45 17.93 0.00000000 0.00000000 0.00 0.00 0.00 80.00 0.00 28 3 17 
20:42:45 18.13 0.00000000 0.00000000 0.00 0.00 0.00 80.00 0.00 28 3 17 
20:42:45 18.33 0.00000000 0.00000000 0.00 0.00 0.00 80.00 0.00 28 3 17 
20:42:46 18.53 0.00000000 0.00000000 0.00 0.00 0.00 80.00 0.00 28 3 17 
20:42:46 18.73 0.00000000 0.00000000 0.00 0.00 0.00 80.00 0.00 28 3 17 
20:42:46 18.93 0.00000000 0.00000000 0.00 0.00 0.00 80.00 0.00 28 3 17 
20:42:46 19.13 0.00000000 0.00000000 0.00 0.00 0.00 80.00 0.00 28 3 17 
20:42:46 19.33 0.00000000 0.00000000 0.00 0.00 0.00 80.00 0.00 28 3 17 
20:42:47 19.53 0.00000000 0.00000000 0.00 0.00 0.00 80.00 0.00 28 3 17 
20:42:47 19.74 0.00000000 0.00000000 0.00 0.00 0.00 80.00 0.00 28 3 17 
20:42:47 19.94 0.00000000 0.00000000 0.00 0.00 0.00 80.00 0.00 28 3 17 
20:42:47 20.14 0.00000000 0.00000000 0.00 0.00 0.00 80.00 0.00 28 3 17 
20:42:47 20.34 0.00000000 0.00000000 0.00 0.00 0.00 80.00 0.00 28 3 17 
20:42:48 20.54 0.00000000 0.00000000 0.00 0.00 0.00 80.00 0.00 28 3 17 
20:42:48 20.74 0.00000000 0.00000000 0.00 0.00 0.00 80.00 0.00 28 3 17 
20:42:48 20.94 0.00000000 0.00000000 0.00 0.00 0.00 80.00 0.00 28 3 17 
