0:0:0 0.38 0.00000000 0.00000000 0.00 0.00 0.00 80.00 0.00 0 0 0 
0:0:0 0.58 0.00000000 0.00000000 0.00 0.00 0.00 80.00 0.00 0 0 0 
0:0:0 0.78 0.00000000 0.00000000 0.00 0.00 0.00 80.00 0.00 0 0 0 
20:40:45 0.98 0.00000000 0.00000000 0.00 0.00 0.00 80.00 0.00 28 3 17 
20:40:45 1.18 0.00000000 0.00000000 0.00 0.00 0.00 80.00 0.00 28 3 17 
20:40:45 1.39 0.00000000 0.00000000 0.00 0.00 0.00 80.00 0.00 28 3 17 
20:40:45 1.59 0.00000000 0.00000000 0.00 0.00 0.00 80.00 0.00 28 3 17 
20:40:45 1.79 0.00000000 0.00000000 0.00 0.00 0.00 80.00 0.00 28 3 17 
20:40:46 1.99 0.00000000 0.00000000 0.00 0.00 0.00 80.00 0.00 28 3 17 
20:40:46 2.19 0.00000000 0.00000000 0.00 0.00 0.00 80.00 0.00 28 3 17 
20:40:46 2.39 0.00000000 0.00000000 0.00 0.00 0.00 80.00 0.00 28 3 17 
20:40:46 2.59 0.00000000 0.00000000 0.00 0.00 0.00 80.00 0.00 28 3 17 
20:40:46 2.79 0.00000000 0.00000000 0.00 0.00 0.00 80.00 0.00 28 3 17 
20:40:47 2.99 0.00000000 0.00000000 0.00 0.00 0.00 80.00 0.00 28 3 17 
