14:17:42 1.23 30.69407081 -88.19486999 -99.00 -99.00 55.30 87.00 0.49 28.59 1006.44 68.41 0 0 17 
14:17:42 1.47 30.69407081 -88.19486999 -99.00 -99.00 55.30 87.00 0.49 28.67 1006.44 68.45 0 0 17 
14:17:42 1.67 30.69407081 -88.19486999 -99.00 -99.00 55.30 87.00 0.49 28.69 1006.44 68.45 0 0 17 
14:17:42 1.87 30.69407081 -88.19486999 -99.00 -99.00 55.30 87.00 0.49 28.68 1006.49 68.44 0 0 17 
14:17:42 2.08 30.69407081 -88.19486999 -99.00 -99.00 55.30 87.00 0.49 28.65 1006.42 68.42 0 0 17 
14:17:42 2.28 30.69407081 -88.19486999 -99.00 -99.00 55.30 87.00 0.49 28.64 1006.48 68.46 0 0 17 
14:17:42 2.48 30.69407081 -88.19486999 -99.00 -99.00 55.30 87.00 0.49 28.62 1006.45 68.54 3 0 17 
14:17:42 2.68 30.69407081 -88.19486999 -99.00 -99.00 55.30 87.00 0.49 28.59 1006.47 68.60 3 0 17 
14:17:42 2.88 30.69407081 -88.19486999 -99.00 -99.00 55.30 87.00 0.49 28.57 1006.47 68.61 3 0 17 
14:17:42 3.08 30.69407081 -88.19486999 -99.00 -99.00 55.30 87.00 0.49 28.55 1006.47 68.65 3 0 17 
14:17:43 3.28 0.00005000 -125.81666564 -99.00 -99.00 0.00 87.00 0.49 28.54 1006.48 68.71 3 0 17 
14:17:44 3.48 30.69440078 -88.19448089 -99.00 -99.00 0.00 87.00 0.49 28.53 1006.47 68.74 30 3 17 
14:17:44 3.68 30.69440078 -88.19448089 -99.00 -99.00 0.00 87.00 0.49 28.52 1006.46 68.77 30 3 17 
14:17:44 3.89 30.69440078 -88.19448089 -99.00 -99.00 0.00 87.00 0.49 28.52 1006.41 68.83 30 3 17 
14:17:44 4.09 30.69440078 -88.19448089 -99.00 -99.00 0.00 87.00 0.49 28.50 1006.42 68.81 30 3 17 
14:17:45 4.29 30.69441413 -88.19448089 -99.00 -99.00 55.20 87.00 0.49 28.48 1006.42 68.84 30 3 17 
14:17:45 4.49 30.69441413 -88.19448089 -99.00 -99.00 55.20 87.00 0.49 28.46 1006.47 68.86 30 3 17 
14:17:45 4.69 30.69441413 -88.19448089 -99.00 -99.00 55.20 87.00 0.49 28.46 1006.47 68.92 30 3 17 
14:17:45 4.89 30.69441413 -88.19448089 -99.00 -99.00 55.20 87.00 0.49 28.47 1006.42 68.97 30 3 17 
14:17:45 5.09 30.69441413 -88.19448089 -99.00 -99.00 55.20 87.00 0.49 28.47 1006.42 69.01 30 3 17 
14:17:46 5.29 30.69441413 -88.19449615 -99.00 -99.00 55.20 87.00 0.49 28.46 1006.44 69.06 30 3 17 
14:17:46 5.49 30.69441413 -88.19449615 -99.00 -99.00 55.20 87.00 0.49 28.46 1006.41 69.15 3 0 17 
14:17:46 5.69 30.69441413 -88.19449615 -99.00 -99.00 55.20 87.00 0.49 28.47 1006.42 69.27 3 0 17 
14:17:46 5.89 30.69441413 -88.19449615 -99.00 -99.00 55.20 87.00 0.49 28.47 1006.42 69.24 3 0 17 
14:17:46 6.09 30.69441413 -88.19449615 -99.00 -99.00 55.20 87.00 0.49 28.48 1006.43 69.29 3 0 17 
14:17:47 6.29 30.69440841 -88.19449615 -99.00 -99.00 55.20 87.00 0.49 28.49 1006.43 69.34 3 0 17 
14:17:47 6.50 30.69440841 -88.19449615 -99.00 -99.00 55.20 87.00 0.49 28.50 1006.46 69.35 30 3 17 
14:17:47 6.70 30.69440841 -88.19449615 -99.00 -99.00 55.20 87.00 0.49 28.50 1006.44 69.37 30 3 17 
14:17:47 6.90 30.69440841 -88.19449615 -99.00 -99.00 55.20 87.00 0.49 28.49 1006.48 69.37 30 3 17 
14:17:47 7.10 30.69440841 -88.19449615 -99.00 -99.00 55.20 87.00 0.49 28.48 1006.48 69.36 30 3 17 
14:17:48 7.30 30.69440460 -88.19451141 -99.00 -99.00 55.20 83.00 0.10 28.47 1006.42 69.40 30 3 17 
14:17:48 7.50 30.69440460 -88.19451141 -99.00 -99.00 55.20 81.00 0.00 28.47 1006.45 69.46 30 3 17 
14:17:48 7.70 30.69440460 -88.19451141 -99.00 -99.00 55.20 80.00 0.00 28.46 1006.46 69.46 30 3 17 
14:17:48 7.90 30.69440460 -88.19451141 -99.00 -99.00 55.20 80.00 0.00 28.45 1006.50 69.43 30 3 17 
14:17:48 8.10 30.69440460 -88.19451141 -99.00 -99.00 55.20 80.00 0.00 28.44 1006.49 69.38 30 3 17 
14:17:49 8.30 30.69440460 -88.19456481 -99.00 -99.00 55.20 80.00 0.00 28.42 1006.52 69.39 3 0 17 
14:17:49 8.50 30.69440460 -88.19456481 -99.00 -99.00 55.20 80.00 0.00 28.42 1006.46 69.34 3 0 17 
14:17:49 8.70 30.69440460 -88.19456481 -99.00 -99.00 55.20 80.00 0.00 28.40 1006.48 69.28 3 0 17 
14:17:49 8.90 30.69440460 -88.19456481 -99.00 -99.00 55.20 80.00 0.00 28.40 1006.44 69.27 3 0 17 
14:17:49 9.10 30.69440460 -88.19456481 -99.00 -99.00 55.20 80.00 0.00 28.40 1006.43 69.28 3 0 17 
14:17:49 9.30 30.69440460 -88.19456481 -99.00 -99.00 55.20 80.00 0.00 28.39 1006.43 69.31 3 0 17 
14:17:49 9.50 30.69440460 -88.19456481 -99.00 -99.00 55.20 80.00 0.00 28.39 1006.46 69.36 3 0 17 
14:17:49 9.70 30.69440460 -88.19456481 -99.00 -99.00 55.20 80.00 0.00 28.37 1006.45 69.41 3 0 17 
14:17:49 9.90 30.69440460 -88.19456481 -99.00 -99.00 55.20 80.00 0.00 28.35 1006.43 69.43 3 0 17 
14:17:51 10.11 30.69441413 -88.19458007 -99.00 -99.00 55.20 80.00 0.00 28.35 1006.47 69.46 3 0 17 
14:17:51 10.31 30.69441413 -88.19458007 -99.00 -99.00 55.20 80.00 0.00 28.33 1006.42 69.52 3 0 17 
14:17:51 10.51 30.69441413 -88.19458007 -99.00 -99.00 55.20 80.00 0.00 28.31 1006.47 69.49 3 0 17 
14:17:51 10.71 30.69441413 -88.19458007 -99.00 -99.00 55.20 80.00 0.00 28.30 1006.42 69.46 3 0 17 
14:17:51 10.91 30.69441413 -88.19458007 -99.00 -99.00 55.20 80.00 0.00 28.29 1006.45 69.49 3 0 17 
14:17:51 11.11 14.00028705 -0.00146830 -99.00 -99.00 0.00 80.00 0.00 28.29 1006.45 69.47 3 0 17 
14:17:51 11.31 14.00028705 -0.00146830 -99.00 -99.00 0.00 80.00 0.00 28.28 1006.50 69.44 3 0 17 
14:17:51 11.51 14.00028705 -0.00146830 -99.00 -99.00 0.00 80.00 0.00 28.26 1006.46 69.42 3 0 17 
14:17:51 11.72 14.00028705 -0.00146830 -99.00 -99.00 0.00 80.00 0.00 28.27 1006.39 69.40 3 0 17 
14:17:51 11.92 14.00028705 -0.00146830 -99.00 -99.00 0.00 80.00 0.00 28.28 1006.45 69.38 3 0 17 
0:0:14 12.12 14.00028896 -0.00146830 -99.00 -99.00 0.00 80.00 0.00 28.28 1006.43 69.39 3 0 17 
0:0:14 12.32 14.00028896 -0.00146830 -99.00 -99.00 0.00 80.00 0.00 28.29 1006.46 69.45 3 0 17 
0:0:14 12.52 14.00028896 -0.00146830 -99.00 -99.00 0.00 80.00 0.00 28.29 1006.42 69.55 3 0 17 
0:0:14 12.72 14.00028896 -0.00146830 -99.00 -99.00 0.00 80.00 0.00 28.28 1006.43 69.61 3 0 17 
0:0:14 12.92 14.00028896 -0.00146830 -99.00 -99.00 0.00 80.00 0.00 28.28 1006.46 69.75 3 0 17 
14:17:52 13.12 0.00050160 141.00013732 -99.00 -99.00 0.00 80.00 0.00 28.27 1006.42 69.73 3 0 17 
14:17:52 13.32 0.00050160 141.00013732 -99.00 -99.00 0.00 80.00 0.00 28.26 1006.48 69.76 3 0 17 
14:17:52 13.53 0.00050160 141.00013732 -99.00 -99.00 0.00 80.00 0.00 28.25 1006.41 69.79 3 0 17 
14:17:52 13.73 0.00050160 141.00013732 -99.00 -99.00 0.00 80.00 0.00 28.25 1006.44 69.78 3 0 17 
14:17:52 13.93 0.00050160 141.00013732 -99.00 -99.00 0.00 80.00 0.00 28.24 1006.44 69.74 3 0 17 
14:17:52 14.13 0.00050160 141.00013732 -99.00 -99.00 0.00 80.00 0.00 28.23 1006.43 69.74 3 0 17 
14:17:52 14.33 0.00050160 141.00013732 -99.00 -99.00 0.00 80.00 0.00 28.23 1006.41 69.77 3 0 17 
14:17:52 14.53 0.00050160 141.00013732 -99.00 -99.00 0.00 80.00 0.00 28.23 1006.44 69.76 3 0 17 
14:17:52 14.73 0.00050160 141.00013732 -99.00 -99.00 0.00 80.00 0.00 28.22 1006.47 69.74 3 0 17 
14:17:52 14.93 0.00050160 141.00013732 -99.00 -99.00 0.00 80.00 0.00 28.22 1006.46 69.74 3 0 17 
14:17:52 15.14 0.00050160 141.00013732 -99.00 -99.00 0.00 80.00 0.00 28.23 1006.43 69.74 3 0 17 
14:17:52 15.34 0.00050160 141.00013732 -99.00 -99.00 0.00 80.00 0.00 28.23 1006.43 69.72 3 0 17 
14:17:52 15.54 0.00050160 141.00013732 -99.00 -99.00 0.00 80.00 0.00 28.22 1006.41 69.73 3 0 17 
14:17:52 15.74 0.00050160 141.00013732 -99.00 -99.00 0.00 80.00 0.00 28.22 1006.45 69.74 3 0 17 
14:17:52 15.94 0.00050160 141.00013732 -99.00 -99.00 0.00 80.00 0.00 28.22 1006.39 69.72 3 0 17 
14:17:54 16.14 0.00050160 141.00013732 -99.00 -99.00 0.00 80.00 0.00 28.22 1006.42 69.74 3 0 17 
14:17:54 16.34 0.00050160 141.00013732 -99.00 -99.00 0.00 80.00 0.00 28.22 1006.41 69.71 3 0 17 
14:17:54 16.54 0.00050160 141.00013732 -99.00 -99.00 0.00 80.00 0.00 28.21 1006.42 69.71 3 0 17 
14:17:54 16.74 0.00050160 141.00013732 -99.00 -99.00 0.00 80.00 0.00 28.22 1006.44 69.75 3 0 17 
14:17:54 16.94 0.00050160 141.00013732 -99.00 -99.00 0.00 80.00 0.00 28.21 1006.43 69.91 3 0 17 
14:17:54 17.14 0.00050160 141.00013732 -99.00 -99.00 0.00 80.00 0.00 28.21 1006.39 69.88 3 0 17 
14:17:54 17.35 0.00050160 141.00013732 -99.00 -99.00 0.00 80.00 0.00 28.20 1006.46 69.90 3 0 17 
14:17:54 17.55 0.00050160 141.00013732 -99.00 -99.00 0.00 80.00 0.00 28.19 1006.41 69.97 3 0 17 
14:17:54 17.75 0.00050160 141.00013732 -99.00 -99.00 0.00 80.00 0.00 28.20 1006.41 70.04 3 0 17 
14:17:54 17.95 0.00050160 141.00013732 -99.00 -99.00 0.00 80.00 0.00 28.20 1006.44 70.13 3 0 17 
14:17:57 18.15 14.00029659 -0.00146830 -99.00 -99.00 0.00 80.00 0.00 28.21 1006.47 70.19 3 0 17 
14:17:57 18.35 14.00029659 -0.00146830 -99.00 -99.00 0.00 80.00 0.00 28.21 1006.47 70.28 3 0 17 
14:17:57 18.55 14.00029659 -0.00146830 -99.00 -99.00 0.00 80.00 0.00 28.21 1006.41 70.38 3 0 17 
14:17:57 18.75 14.00029659 -0.00146830 -99.00 -99.00 0.00 80.00 0.00 28.21 1006.42 70.45 3 0 17 
14:17:57 18.95 14.00029659 -0.00146830 -99.00 -99.00 0.00 80.00 0.00 28.22 1006.41 70.48 3 0 17 
14:17:59 19.15 0.00050160 88.01944732 -99.00 -99.00 0.00 80.00 0.00 28.23 1006.58 70.47 3 0 17 
14:17:59 19.36 0.00050160 88.01944732 -99.00 -99.00 0.00 80.00 0.00 28.25 1006.61 70.48 3 0 17 
14:17:59 19.56 0.00050160 88.01944732 -99.00 -99.00 0.00 80.00 0.00 28.30 1006.59 70.46 3 0 17 
14:17:59 19.76 0.00050160 88.01944732 -99.00 -99.00 0.00 80.00 0.00 28.34 1006.59 70.47 3 0 17 
14:17:59 19.96 0.00050160 88.01944732 -99.00 -99.00 0.00 80.00 0.00 28.39 1006.68 70.34 3 0 17 
14:17:59 20.16 0.00050160 88.01944732 -99.00 -99.00 0.00 80.00 0.00 28.41 1006.64 70.22 3 0 17 
14:17:59 20.36 0.00050160 88.01944732 -99.00 -99.00 0.00 80.00 0.00 28.41 1006.55 70.07 3 0 17 
14:17:59 20.56 0.00050160 88.01944732 -99.00 -99.00 0.00 82.00 0.01 28.41 1006.58 69.93 3 0 17 
14:18:0 20.76 0.00000000 -125.81666564 -99.00 -99.00 0.00 84.00 0.20 28.41 1006.63 69.83 3 0 17 
14:18:0 20.96 0.00000000 -125.81666564 -99.00 -99.00 0.00 84.00 0.20 28.41 1006.62 69.74 3 0 17 
14:18:0 21.17 0.00000000 -125.81666564 -99.00 -99.00 0.00 86.00 0.39 28.43 1006.57 69.68 3 0 17 
14:18:0 21.37 0.00000000 -125.81666564 -99.00 -99.00 0.00 92.00 0.97 28.45 1006.62 69.60 3 0 17 
14:18:0 21.57 0.00000000 -125.81666564 -99.00 -99.00 0.00 94.00 1.16 28.46 1006.56 69.53 3 0 17 
