0:0:0 0.75 0.00000000 0.00000000 0.00 0.00 0.00 80.00 0.00 0 0 0 
0:0:0 0.95 0.00000000 0.00000000 0.00 0.00 0.00 79.00 0.00 0 0 0 
20:24:41 1.15 0.00000000 0.00000000 0.00 0.00 0.00 79.00 0.00 14 12 16 
20:24:41 1.35 0.00000000 0.00000000 0.00 0.00 0.00 79.00 0.00 14 12 16 
20:24:41 1.55 0.00000000 0.00000000 0.00 0.00 0.00 79.00 0.00 14 12 16 
20:24:41 1.75 0.00000000 0.00000000 0.00 0.00 0.00 79.00 0.00 14 12 16 
20:24:41 1.96 0.00000000 0.00000000 0.00 0.00 0.00 80.00 0.00 14 12 16 
20:24:42 2.16 0.00000000 0.00000000 0.00 0.00 0.00 79.00 0.00 14 12 16 
20:24:42 2.36 0.00000000 0.00000000 0.00 0.00 0.00 79.00 0.00 14 12 16 
20:24:42 2.56 0.00000000 0.00000000 0.00 0.00 0.00 80.00 0.00 14 12 16 
20:24:42 2.76 0.00000000 0.00000000 0.00 0.00 0.00 80.00 0.00 14 12 16 
20:24:42 2.96 0.00000000 0.00000000 0.00 0.00 0.00 80.00 0.00 14 12 16 
20:24:43 3.16 0.00000000 0.00000000 0.00 0.00 0.00 79.00 0.00 14 12 16 
20:24:43 3.36 0.00000000 0.00000000 0.00 0.00 0.00 80.00 0.00 14 12 16 
20:24:43 3.57 0.00000000 0.00000000 0.00 0.00 0.00 79.00 0.00 14 12 16 
20:24:43 3.77 0.00000000 0.00000000 0.00 0.00 0.00 79.00 0.00 14 12 16 
20:24:43 3.97 0.00000000 0.00000000 0.00 0.00 0.00 79.00 0.00 14 12 16 
20:24:44 4.17 0.00000000 0.00000000 0.00 0.00 0.00 80.00 0.00 14 12 16 
20:24:44 4.37 0.00000000 0.00000000 0.00 0.00 0.00 79.00 0.00 14 12 16 
20:24:44 4.57 0.00000000 0.00000000 0.00 0.00 0.00 79.00 0.00 14 12 16 
20:24:44 4.77 0.00000000 0.00000000 0.00 0.00 0.00 79.00 0.00 14 12 16 
20:24:44 4.97 0.00000000 0.00000000 0.00 0.00 0.00 79.00 0.00 14 12 16 
20:24:45 5.17 0.00000000 0.00000000 0.00 0.00 0.00 79.00 0.00 14 12 16 
20:24:45 5.37 0.00000000 0.00000000 0.00 0.00 0.00 80.00 0.00 14 12 16 
20:24:45 5.57 0.00000000 0.00000000 0.00 0.00 0.00 80.00 0.00 14 12 16 
20:24:45 5.77 0.00000000 0.00000000 0.00 0.00 0.00 80.00 0.00 14 12 16 
20:24:45 5.98 0.00000000 0.00000000 0.00 0.00 0.00 80.00 0.00 14 12 16 
20:24:46 6.18 0.00000000 0.00000000 0.00 0.00 0.00 79.00 0.00 14 12 16 
20:24:46 6.38 0.00000000 0.00000000 0.00 0.00 0.00 79.00 0.00 14 12 16 
20:24:46 6.58 0.00000000 0.00000000 0.00 0.00 0.00 79.00 0.00 14 12 16 
20:24:46 6.78 0.00000000 0.00000000 0.00 0.00 0.00 79.00 0.00 14 12 16 
20:24:46 6.98 0.00000000 0.00000000 0.00 0.00 0.00 79.00 0.00 14 12 16 
