0:0:0 0.34 0.00000000 0.00000000 0.00 0.00 0.00 80.00 0.00 0 0 0 
20:24:49 0.54 0.00000000 0.00000000 0.00 0.00 0.00 79.00 0.00 14 12 16 
20:24:49 0.74 0.00000000 0.00000000 0.00 0.00 0.00 79.00 0.00 14 12 16 
20:24:49 0.94 0.00000000 0.00000000 0.00 0.00 0.00 79.00 0.00 14 12 16 
20:24:49 1.14 0.00000000 0.00000000 0.00 0.00 0.00 79.00 0.00 14 12 16 
20:24:49 1.34 0.00000000 0.00000000 0.00 0.00 0.00 80.00 0.00 14 12 16 
20:24:50 1.54 0.00000000 0.00000000 0.00 0.00 0.00 80.00 0.00 14 12 16 
20:24:50 1.75 0.00000000 0.00000000 0.00 0.00 0.00 79.00 0.00 14 12 16 
20:24:50 1.95 0.00000000 0.00000000 0.00 0.00 0.00 79.00 0.00 14 12 16 
20:24:50 2.15 0.00000000 0.00000000 0.00 0.00 0.00 79.00 0.00 14 12 16 
20:24:50 2.35 0.00000000 0.00000000 0.00 0.00 0.00 79.00 0.00 14 12 16 
20:24:51 2.55 0.00000000 0.00000000 0.00 0.00 0.00 79.00 0.00 14 12 16 
20:24:51 2.75 0.00000000 0.00000000 0.00 0.00 0.00 79.00 0.00 14 12 16 
20:24:51 2.95 0.00000000 0.00000000 0.00 0.00 0.00 79.00 0.00 14 12 16 
20:24:51 3.15 0.00000000 0.00000000 0.00 0.00 0.00 79.00 0.00 14 12 16 
20:24:51 3.35 0.00000000 0.00000000 0.00 0.00 0.00 79.00 0.00 14 12 16 
20:24:52 3.56 0.00000000 0.00000000 0.00 0.00 0.00 79.00 0.00 14 12 16 
20:24:52 3.76 0.00000000 0.00000000 0.00 0.00 0.00 79.00 0.00 14 12 16 
20:24:52 3.96 0.00000000 0.00000000 0.00 0.00 0.00 80.00 0.00 14 12 16 
20:24:52 4.16 0.00000000 0.00000000 0.00 0.00 0.00 80.00 0.00 14 12 16 
20:24:52 4.36 0.00000000 0.00000000 0.00 0.00 0.00 80.00 0.00 14 12 16 
20:24:53 4.56 0.00000000 0.00000000 0.00 0.00 0.00 79.00 0.00 14 12 16 
20:24:53 4.76 0.00000000 0.00000000 0.00 0.00 0.00 79.00 0.00 14 12 16 
20:24:53 4.96 0.00000000 0.00000000 0.00 0.00 0.00 79.00 0.00 14 12 16 
20:24:53 5.16 0.00000000 0.00000000 0.00 0.00 0.00 79.00 0.00 14 12 16 
20:24:53 5.36 0.00000000 0.00000000 0.00 0.00 0.00 79.00 0.00 14 12 16 
20:24:54 5.56 0.00000000 0.00000000 0.00 0.00 0.00 79.00 0.00 14 12 16 
20:24:54 5.76 0.00000000 0.00000000 0.00 0.00 0.00 79.00 0.00 14 12 16 
20:24:54 5.97 0.00000000 0.00000000 0.00 0.00 0.00 80.00 0.00 14 12 16 
20:24:54 6.17 0.00000000 0.00000000 0.00 0.00 0.00 79.00 0.00 14 12 16 
20:24:54 6.37 0.00000000 0.00000000 0.00 0.00 0.00 79.00 0.00 14 12 16 
