0:0:0 0.79 0.00000000 0.00000000 0.00 0.00 0.00 80.00 0.00 0 0 0 
0:0:0 1.04 0.00000000 0.00000000 0.00 0.00 0.00 80.00 0.00 0 0 0 
20:36:55 1.24 0.00000000 0.00000000 0.00 0.00 0.00 80.00 0.00 0 0 0 
20:36:55 1.45 0.00000000 0.00000000 0.00 0.00 0.00 80.00 0.00 0 0 0 
20:36:55 1.65 0.00000000 0.00000000 0.00 0.00 0.00 80.00 0.00 0 0 0 
20:36:55 1.85 0.00000000 0.00000000 0.00 0.00 0.00 80.00 0.00 0 0 0 
20:36:56 2.05 0.00000000 0.00000000 0.00 0.00 0.00 80.00 0.00 28 3 17 
20:36:56 2.25 0.00000000 0.00000000 0.00 0.00 0.00 80.00 0.00 28 3 17 
20:36:56 2.45 0.00000000 0.00000000 0.00 0.00 0.00 80.00 0.00 28 3 17 
20:36:56 2.65 0.00000000 0.00000000 0.00 0.00 0.00 80.00 0.00 28 3 17 
20:36:56 2.85 0.00000000 0.00000000 0.00 0.00 0.00 80.00 0.00 28 3 17 
20:36:57 3.05 0.00000000 0.00000000 0.00 0.00 0.00 80.00 0.00 28 3 17 
20:36:57 3.25 0.00000000 0.00000000 0.00 0.00 0.00 80.00 0.00 28 3 17 
20:36:57 3.46 0.00000000 0.00000000 0.00 0.00 0.00 80.00 0.00 28 3 17 
20:36:57 3.66 0.00000000 0.00000000 0.00 0.00 0.00 79.00 0.00 28 3 17 
20:36:57 3.86 0.00000000 0.00000000 0.00 0.00 0.00 80.00 0.00 28 3 17 
20:36:58 4.06 0.00000000 0.00000000 0.00 0.00 0.00 80.00 0.00 28 3 17 
20:36:58 4.26 0.00000000 0.00000000 0.00 0.00 0.00 80.00 0.00 28 3 17 
20:36:58 4.46 0.00000000 0.00000000 0.00 0.00 0.00 80.00 0.00 28 3 17 
20:36:58 4.66 0.00000000 0.00000000 0.00 0.00 0.00 80.00 0.00 28 3 17 
20:36:58 4.86 0.00000000 0.00000000 0.00 0.00 0.00 80.00 0.00 28 3 17 
20:36:59 5.06 0.00000000 0.00000000 0.00 0.00 0.00 80.00 0.00 28 3 17 
20:36:59 5.26 0.00000000 0.00000000 0.00 0.00 0.00 80.00 0.00 28 3 17 
20:36:59 5.47 0.00000000 0.00000000 0.00 0.00 0.00 80.00 0.00 28 3 17 
20:36:59 5.67 0.00000000 0.00000000 0.00 0.00 0.00 80.00 0.00 28 3 17 
20:36:59 5.87 0.00000000 0.00000000 0.00 0.00 0.00 80.00 0.00 28 3 17 
20:37:0 6.07 0.00000000 0.00000000 0.00 0.00 0.00 80.00 0.00 28 3 17 
20:37:0 6.27 0.00000000 0.00000000 0.00 0.00 0.00 80.00 0.00 28 3 17 
20:37:0 6.47 0.00000000 0.00000000 0.00 0.00 0.00 80.00 0.00 28 3 17 
20:37:0 6.67 0.00000000 0.00000000 0.00 0.00 0.00 79.00 0.00 28 3 17 
20:37:0 6.87 0.00000000 0.00000000 0.00 0.00 0.00 80.00 0.00 28 3 17 
20:37:1 7.07 0.00000000 0.00000000 0.00 0.00 0.00 80.00 0.00 28 3 17 
20:37:1 7.27 0.00000000 0.00000000 0.00 0.00 0.00 80.00 0.00 28 3 17 
20:37:1 7.47 0.00000000 0.00000000 0.00 0.00 0.00 80.00 0.00 28 3 17 
20:37:1 7.67 0.00000000 0.00000000 0.00 0.00 0.00 80.00 0.00 28 3 17 
20:37:1 7.87 0.00000000 0.00000000 0.00 0.00 0.00 80.00 0.00 28 3 17 
20:37:2 8.07 0.00000000 0.00000000 0.00 0.00 0.00 80.00 0.00 28 3 17 
20:37:2 8.27 0.00000000 0.00000000 0.00 0.00 0.00 80.00 0.00 28 3 17 
20:37:2 8.48 0.00000000 0.00000000 0.00 0.00 0.00 80.00 0.00 28 3 17 
20:37:2 8.68 0.00000000 0.00000000 0.00 0.00 0.00 80.00 0.00 28 3 17 
20:37:2 8.88 0.00000000 0.00000000 0.00 0.00 0.00 80.00 0.00 28 3 17 
20:37:3 9.08 0.00000000 0.00000000 0.00 0.00 0.00 80.00 0.00 28 3 17 
20:37:3 9.28 0.00000000 0.00000000 0.00 0.00 0.00 80.00 0.00 28 3 17 
20:37:3 9.48 0.00000000 0.00000000 0.00 0.00 0.00 80.00 0.00 28 3 17 
20:37:3 9.68 0.00000000 0.00000000 0.00 0.00 0.00 80.00 0.00 28 3 17 
20:37:3 9.88 0.00000000 0.00000000 0.00 0.00 0.00 80.00 0.00 28 3 17 
20:37:4 10.08 0.00000000 0.00000000 0.00 0.00 0.00 80.00 0.00 28 3 17 
20:37:4 10.28 0.00000000 0.00000000 0.00 0.00 0.00 80.00 0.00 28 3 17 
20:37:4 10.48 0.00000000 0.00000000 0.00 0.00 0.00 80.00 0.00 28 3 17 
20:37:4 10.68 0.00000000 0.00000000 0.00 0.00 0.00 80.00 0.00 28 3 17 
20:37:4 10.88 0.00000000 0.00000000 0.00 0.00 0.00 80.00 0.00 28 3 17 
20:37:4 11.08 0.00000000 0.00000000 0.00 0.00 0.00 80.00 0.00 28 3 17 
20:37:4 11.28 0.00000000 0.00000000 0.00 0.00 0.00 80.00 0.00 28 3 17 
20:37:4 11.48 0.00000000 0.00000000 0.00 0.00 0.00 80.00 0.00 28 3 17 
20:37:4 11.69 0.00000000 0.00000000 0.00 0.00 0.00 80.00 0.00 28 3 17 
20:37:4 11.89 0.00000000 0.00000000 0.00 0.00 0.00 80.00 0.00 28 3 17 
20:37:4 12.09 0.00000000 0.00000000 0.00 0.00 0.00 80.00 0.00 28 3 17 
20:37:4 12.29 0.00000000 0.00000000 0.00 0.00 0.00 80.00 0.00 28 3 17 
20:37:4 12.49 0.00000000 0.00000000 0.00 0.00 0.00 80.00 0.00 28 3 17 
20:37:4 12.69 0.00000000 0.00000000 0.00 0.00 0.00 80.00 0.00 28 3 17 
20:37:4 12.89 0.00000000 0.00000000 0.00 0.00 0.00 80.00 0.00 28 3 17 
20:37:4 13.09 0.00000000 0.00000000 0.00 0.00 0.00 80.00 0.00 28 3 17 
20:37:4 13.29 0.00000000 0.00000000 0.00 0.00 0.00 80.00 0.00 28 3 17 
20:37:4 13.49 0.00000000 0.00000000 0.00 0.00 0.00 80.00 0.00 28 3 17 
20:37:4 13.69 0.00000000 0.00000000 0.00 0.00 0.00 80.00 0.00 28 3 17 
20:37:4 13.89 0.00000000 0.00000000 0.00 0.00 0.00 80.00 0.00 28 3 17 
20:37:4 14.09 0.00000000 0.00000000 0.00 0.00 0.00 80.00 0.00 28 3 17 
20:37:4 14.29 0.00000000 0.00000000 0.00 0.00 0.00 80.00 0.00 28 3 17 
20:37:4 14.49 0.00000000 0.00000000 0.00 0.00 0.00 80.00 0.00 28 3 17 
20:37:4 14.69 0.00000000 0.00000000 0.00 0.00 0.00 80.00 0.00 28 3 17 
20:37:4 14.90 0.00000000 0.00000000 0.00 0.00 0.00 80.00 0.00 28 3 17 
20:37:4 15.10 0.00000000 0.00000000 0.00 0.00 0.00 80.00 0.00 28 3 17 
20:37:4 15.30 0.00000000 0.00000000 0.00 0.00 0.00 80.00 0.00 28 3 17 
20:37:4 15.50 0.00000000 0.00000000 0.00 0.00 0.00 80.00 0.00 28 3 17 
20:37:4 15.70 0.00000000 0.00000000 0.00 0.00 0.00 80.00 0.00 28 3 17 
20:37:4 15.90 0.00000000 0.00000000 0.00 0.00 0.00 80.00 0.00 28 3 17 
20:37:4 16.10 0.00000000 0.00000000 0.00 0.00 0.00 80.00 0.00 28 3 17 
20:37:4 16.30 0.00000000 0.00000000 0.00 0.00 0.00 80.00 0.00 28 3 17 
20:37:4 16.50 0.00000000 0.00000000 0.00 0.00 0.00 80.00 0.00 28 3 17 
20:37:4 16.70 0.00000000 0.00000000 0.00 0.00 0.00 80.00 0.00 28 3 17 
20:37:4 16.91 0.00000000 0.00000000 0.00 0.00 0.00 80.00 0.00 28 3 17 
20:37:4 17.11 0.00000000 0.00000000 0.00 0.00 0.00 79.00 0.00 28 3 17 
20:37:4 17.31 0.00000000 0.00000000 0.00 0.00 0.00 80.00 0.00 28 3 17 
20:37:4 17.51 0.00000000 0.00000000 0.00 0.00 0.00 80.00 0.00 28 3 17 
20:37:4 17.71 0.00000000 0.00000000 0.00 0.00 0.00 80.00 0.00 28 3 17 
20:37:4 17.91 0.00000000 0.00000000 0.00 0.00 0.00 80.00 0.00 28 3 17 
20:37:4 18.11 0.00000000 0.00000000 0.00 0.00 0.00 80.00 0.00 28 3 17 
20:37:4 18.31 0.00000000 0.00000000 0.00 0.00 0.00 80.00 0.00 28 3 17 
20:37:4 18.51 0.00000000 0.00000000 0.00 0.00 0.00 80.00 0.00 28 3 17 
20:37:4 18.71 0.00000000 0.00000000 0.00 0.00 0.00 80.00 0.00 28 3 17 
20:37:4 18.92 0.00000000 0.00000000 0.00 0.00 0.00 80.00 0.00 28 3 17 
20:37:4 19.12 0.00000000 0.00000000 0.00 0.00 0.00 80.00 0.00 28 3 17 
20:37:4 19.32 0.00000000 0.00000000 0.00 0.00 0.00 80.00 0.00 28 3 17 
20:37:4 19.52 0.00000000 0.00000000 0.00 0.00 0.00 80.00 0.00 28 3 17 
20:37:4 19.72 0.00000000 0.00000000 0.00 0.00 0.00 80.00 0.00 28 3 17 
20:37:4 19.92 0.00000000 0.00000000 0.00 0.00 0.00 80.00 0.00 28 3 17 
20:37:4 20.12 0.00000000 0.00000000 0.00 0.00 0.00 80.00 0.00 28 3 17 
20:37:4 20.32 0.00000000 0.00000000 0.00 0.00 0.00 80.00 0.00 28 3 17 
20:37:4 20.52 0.00000000 0.00000000 0.00 0.00 0.00 80.00 0.00 28 3 17 
20:37:4 20.73 0.00000000 0.00000000 0.00 0.00 0.00 80.00 0.00 28 3 17 
20:37:4 20.93 0.00000000 0.00000000 0.00 0.00 0.00 80.00 0.00 28 3 17 
20:37:15 21.13 0.00000000 0.00000000 0.00 0.00 0.00 79.00 0.00 28 3 17 
20:37:15 21.33 0.00000000 0.00000000 0.00 0.00 0.00 80.00 0.00 28 3 17 
20:37:15 21.53 0.00000000 0.00000000 0.00 0.00 0.00 80.00 0.00 28 3 17 
20:37:15 21.73 0.00000000 0.00000000 0.00 0.00 0.00 80.00 0.00 28 3 17 
20:37:15 21.93 0.00000000 0.00000000 0.00 0.00 0.00 80.00 0.00 28 3 17 
20:37:16 22.13 0.00000000 0.00000000 0.00 0.00 0.00 80.00 0.00 28 3 17 
20:37:16 22.34 0.00000000 0.00000000 0.00 0.00 0.00 80.00 0.00 28 3 17 
20:37:16 22.54 0.00000000 0.00000000 0.00 0.00 0.00 80.00 0.00 28 3 17 
20:37:16 22.74 0.00000000 0.00000000 0.00 0.00 0.00 80.00 0.00 28 3 17 
20:37:16 22.94 0.00000000 0.00000000 0.00 0.00 0.00 80.00 0.00 28 3 17 
20:37:17 23.14 0.00000000 0.00000000 0.00 0.00 0.00 79.00 0.00 28 3 17 
20:37:17 23.34 0.00000000 0.00000000 0.00 0.00 0.00 80.00 0.00 28 3 17 
20:37:17 23.54 0.00000000 0.00000000 0.00 0.00 0.00 79.00 0.00 28 3 17 
20:37:17 23.74 0.00000000 0.00000000 0.00 0.00 0.00 80.00 0.00 28 3 17 
20:37:18 23.95 0.00000000 0.00000000 0.00 0.00 0.00 79.00 0.00 28 3 17 
20:37:18 24.15 0.00000000 0.00000000 0.00 0.00 0.00 80.00 0.00 28 3 17 
20:37:18 24.35 0.00000000 0.00000000 0.00 0.00 0.00 80.00 0.00 28 3 17 
20:37:18 24.55 0.00000000 0.00000000 0.00 0.00 0.00 80.00 0.00 28 3 17 
20:37:18 24.75 0.00000000 0.00000000 0.00 0.00 0.00 80.00 0.00 28 3 17 
20:37:19 24.95 0.00000000 0.00000000 0.00 0.00 0.00 80.00 0.00 28 3 17 
20:37:19 25.16 0.00000000 0.00000000 0.00 0.00 0.00 80.00 0.00 28 3 17 
20:37:19 25.36 0.00000000 0.00000000 0.00 0.00 0.00 80.00 0.00 28 3 17 
20:37:19 25.56 0.00000000 0.00000000 0.00 0.00 0.00 80.00 0.00 28 3 17 
20:37:19 25.76 0.00000000 0.00000000 0.00 0.00 0.00 80.00 0.00 28 3 17 
20:37:20 25.96 0.00000000 0.00000000 0.00 0.00 0.00 80.00 0.00 28 3 17 
20:37:20 26.16 0.00000000 0.00000000 0.00 0.00 0.00 79.00 0.00 28 3 17 
20:37:20 26.36 0.00000000 0.00000000 0.00 0.00 0.00 79.00 0.00 28 3 17 
20:37:20 26.56 0.00000000 0.00000000 0.00 0.00 0.00 80.00 0.00 28 3 17 
20:37:20 26.76 0.00000000 0.00000000 0.00 0.00 0.00 80.00 0.00 28 3 17 
20:37:21 26.97 0.00000000 0.00000000 0.00 0.00 0.00 80.00 0.00 28 3 17 
20:37:21 27.17 0.00000000 0.00000000 0.00 0.00 0.00 80.00 0.00 28 3 17 
20:37:21 27.37 0.00000000 0.00000000 0.00 0.00 0.00 80.00 0.00 28 3 17 
20:37:21 27.57 0.00000000 0.00000000 0.00 0.00 0.00 80.00 0.00 28 3 17 
20:37:21 27.77 0.00000000 0.00000000 0.00 0.00 0.00 80.00 0.00 28 3 17 
20:37:22 27.97 0.00000000 0.00000000 0.00 0.00 0.00 80.00 0.00 28 3 17 
20:37:22 28.17 0.00000000 0.00000000 0.00 0.00 0.00 80.00 0.00 28 3 17 
20:37:22 28.37 0.00000000 0.00000000 0.00 0.00 0.00 80.00 0.00 28 3 17 
20:37:22 28.58 0.00000000 0.00000000 0.00 0.00 0.00 80.00 0.00 28 3 17 
20:37:22 28.78 0.00000000 0.00000000 0.00 0.00 0.00 80.00 0.00 28 3 17 
20:37:23 28.98 0.00000000 0.00000000 0.00 0.00 0.00 80.00 0.00 28 3 17 
20:37:23 29.18 0.00000000 0.00000000 0.00 0.00 0.00 80.00 0.00 28 3 17 
20:37:23 29.38 0.00000000 0.00000000 0.00 0.00 0.00 79.00 0.00 28 3 17 
20:37:23 29.58 0.00000000 0.00000000 0.00 0.00 0.00 79.00 0.00 28 3 17 
20:37:23 29.78 0.00000000 0.00000000 0.00 0.00 0.00 80.00 0.00 28 3 17 
20:37:24 29.98 0.00000000 0.00000000 0.00 0.00 0.00 80.00 0.00 28 3 17 
20:37:24 30.19 0.00000000 0.00000000 0.00 0.00 0.00 80.00 0.00 28 3 17 
20:37:24 30.39 0.00000000 0.00000000 0.00 0.00 0.00 80.00 0.00 28 3 17 
20:37:24 30.59 0.00000000 0.00000000 0.00 0.00 0.00 80.00 0.00 28 3 17 
20:37:24 30.79 0.00000000 0.00000000 0.00 0.00 0.00 80.00 0.00 28 3 17 
20:37:25 30.99 0.00000000 0.00000000 0.00 0.00 0.00 80.00 0.00 28 3 17 
20:37:25 31.19 0.00000000 0.00000000 0.00 0.00 0.00 80.00 0.00 28 3 17 
20:37:25 31.39 0.00000000 0.00000000 0.00 0.00 0.00 80.00 0.00 28 3 17 
20:37:25 31.59 0.00000000 0.00000000 0.00 0.00 0.00 80.00 0.00 28 3 17 
20:37:25 31.79 0.00000000 0.00000000 0.00 0.00 0.00 80.00 0.00 28 3 17 
20:37:26 32.00 0.00000000 0.00000000 0.00 0.00 0.00 80.00 0.00 28 3 17 
20:37:26 32.20 0.00000000 0.00000000 0.00 0.00 0.00 80.00 0.00 28 3 17 
20:37:26 32.40 0.00000000 0.00000000 0.00 0.00 0.00 80.00 0.00 28 3 17 
20:37:26 32.60 0.00000000 0.00000000 0.00 0.00 0.00 80.00 0.00 28 3 17 
20:37:26 32.80 0.00000000 0.00000000 0.00 0.00 0.00 80.00 0.00 28 3 17 
20:37:27 33.00 0.00000000 0.00000000 0.00 0.00 0.00 79.00 0.00 28 3 17 
20:37:27 33.20 0.00000000 0.00000000 0.00 0.00 0.00 80.00 0.00 28 3 17 
20:37:27 33.40 0.00000000 0.00000000 0.00 0.00 0.00 79.00 0.00 28 3 17 
20:37:27 33.60 0.00000000 0.00000000 0.00 0.00 0.00 80.00 0.00 28 3 17 
20:37:27 33.81 0.00000000 0.00000000 0.00 0.00 0.00 80.00 0.00 28 3 17 
20:37:28 34.01 0.00000000 0.00000000 0.00 0.00 0.00 80.00 0.00 28 3 17 
20:37:28 34.21 0.00000000 0.00000000 0.00 0.00 0.00 80.00 0.00 28 3 17 
20:37:28 34.41 0.00000000 0.00000000 0.00 0.00 0.00 80.00 0.00 28 3 17 
20:37:28 34.61 0.00000000 0.00000000 0.00 0.00 0.00 80.00 0.00 28 3 17 
20:37:28 34.81 0.00000000 0.00000000 0.00 0.00 0.00 80.00 0.00 28 3 17 
20:37:29 35.01 0.00000000 0.00000000 0.00 0.00 0.00 80.00 0.00 28 3 17 
20:37:29 35.21 0.00000000 0.00000000 0.00 0.00 0.00 80.00 0.00 28 3 17 
20:37:29 35.41 0.00000000 0.00000000 0.00 0.00 0.00 80.00 0.00 28 3 17 
20:37:29 35.62 0.00000000 0.00000000 0.00 0.00 0.00 80.00 0.00 28 3 17 
20:37:29 35.82 0.00000000 0.00000000 0.00 0.00 0.00 80.00 0.00 28 3 17 
20:37:30 36.02 0.00000000 0.00000000 0.00 0.00 0.00 80.00 0.00 28 3 17 
20:37:30 36.22 0.00000000 0.00000000 0.00 0.00 0.00 80.00 0.00 28 3 17 
20:37:30 36.42 0.00000000 0.00000000 0.00 0.00 0.00 80.00 0.00 28 3 17 
20:37:30 36.62 0.00000000 0.00000000 0.00 0.00 0.00 80.00 0.00 28 3 17 
20:37:30 36.82 0.00000000 0.00000000 0.00 0.00 0.00 80.00 0.00 28 3 17 
20:37:31 37.02 0.00000000 0.00000000 0.00 0.00 0.00 80.00 0.00 28 3 17 
20:37:31 37.22 0.00000000 0.00000000 0.00 0.00 0.00 79.00 0.00 28 3 17 
20:37:31 37.43 0.00000000 0.00000000 0.00 0.00 0.00 80.00 0.00 28 3 17 
20:37:31 37.63 0.00000000 0.00000000 0.00 0.00 0.00 80.00 0.00 28 3 17 
20:37:31 37.83 0.00000000 0.00000000 0.00 0.00 0.00 80.00 0.00 28 3 17 
20:37:32 38.03 0.00000000 0.00000000 0.00 0.00 0.00 80.00 0.00 28 3 17 
20:37:32 38.23 0.00000000 0.00000000 0.00 0.00 0.00 80.00 0.00 28 3 17 
20:37:32 38.43 0.00000000 0.00000000 0.00 0.00 0.00 80.00 0.00 28 3 17 
20:37:32 38.63 0.00000000 0.00000000 0.00 0.00 0.00 80.00 0.00 28 3 17 
20:37:32 38.83 0.00000000 0.00000000 0.00 0.00 0.00 80.00 0.00 28 3 17 
20:37:33 39.03 0.00000000 0.00000000 0.00 0.00 0.00 80.00 0.00 28 3 17 
20:37:33 39.24 0.00000000 0.00000000 0.00 0.00 0.00 80.00 0.00 28 3 17 
20:37:33 39.44 0.00000000 0.00000000 0.00 0.00 0.00 80.00 0.00 28 3 17 
20:37:33 39.64 0.00000000 0.00000000 0.00 0.00 0.00 80.00 0.00 28 3 17 
20:37:33 39.84 0.00000000 0.00000000 0.00 0.00 0.00 79.00 0.00 28 3 17 
20:37:34 40.04 0.00000000 0.00000000 0.00 0.00 0.00 80.00 0.00 28 3 17 
20:37:34 40.24 0.00000000 0.00000000 0.00 0.00 0.00 80.00 0.00 28 3 17 
20:37:34 40.44 0.00000000 0.00000000 0.00 0.00 0.00 80.00 0.00 28 3 17 
20:37:34 40.64 0.00000000 0.00000000 0.00 0.00 0.00 80.00 0.00 28 3 17 
20:37:34 40.84 0.00000000 0.00000000 0.00 0.00 0.00 80.00 0.00 28 3 17 
20:37:35 41.05 0.00000000 0.00000000 0.00 0.00 0.00 80.00 0.00 28 3 17 
20:37:35 41.25 0.00000000 0.00000000 0.00 0.00 0.00 79.00 0.00 28 3 17 
20:37:35 41.45 0.00000000 0.00000000 0.00 0.00 0.00 80.00 0.00 28 3 17 
20:37:35 41.65 0.00000000 0.00000000 0.00 0.00 0.00 80.00 0.00 28 3 17 
20:37:35 41.85 0.00000000 0.00000000 0.00 0.00 0.00 80.00 0.00 28 3 17 
20:37:36 42.05 0.00000000 0.00000000 0.00 0.00 0.00 80.00 0.00 28 3 17 
20:37:36 42.25 0.00000000 0.00000000 0.00 0.00 0.00 80.00 0.00 28 3 17 
20:37:36 42.45 0.00000000 0.00000000 0.00 0.00 0.00 80.00 0.00 28 3 17 
20:37:36 42.65 0.00000000 0.00000000 0.00 0.00 0.00 80.00 0.00 28 3 17 
20:37:36 42.86 0.00000000 0.00000000 0.00 0.00 0.00 80.00 0.00 28 3 17 
20:37:37 43.06 0.00000000 0.00000000 0.00 0.00 0.00 80.00 0.00 28 3 17 
20:37:37 43.26 0.00000000 0.00000000 0.00 0.00 0.00 80.00 0.00 28 3 17 
20:37:37 43.46 0.00000000 0.00000000 0.00 0.00 0.00 79.00 0.00 28 3 17 
20:37:37 43.66 0.00000000 0.00000000 0.00 0.00 0.00 79.00 0.00 28 3 17 
20:37:37 43.86 0.00000000 0.00000000 0.00 0.00 0.00 79.00 0.00 28 3 17 
20:37:38 44.06 0.00000000 0.00000000 0.00 0.00 0.00 80.00 0.00 28 3 17 
20:37:38 44.26 0.00000000 0.00000000 0.00 0.00 0.00 80.00 0.00 28 3 17 
20:37:38 44.47 0.00000000 0.00000000 0.00 0.00 0.00 80.00 0.00 28 3 17 
20:37:38 44.67 0.00000000 0.00000000 0.00 0.00 0.00 80.00 0.00 28 3 17 
20:37:38 44.87 0.00000000 0.00000000 0.00 0.00 0.00 80.00 0.00 28 3 17 
20:37:39 45.07 0.00000000 0.00000000 0.00 0.00 0.00 80.00 0.00 28 3 17 
20:37:39 45.27 0.00000000 0.00000000 0.00 0.00 0.00 80.00 0.00 28 3 17 
20:37:39 45.47 0.00000000 0.00000000 0.00 0.00 0.00 80.00 0.00 28 3 17 
20:37:39 45.67 0.00000000 0.00000000 0.00 0.00 0.00 80.00 0.00 28 3 17 
20:37:39 45.87 0.00000000 0.00000000 0.00 0.00 0.00 80.00 0.00 28 3 17 
20:37:40 46.07 0.00000000 0.00000000 0.00 0.00 0.00 80.00 0.00 28 3 17 
20:37:40 46.28 0.00000000 0.00000000 0.00 0.00 0.00 80.00 0.00 28 3 17 
20:37:40 46.48 0.00000000 0.00000000 0.00 0.00 0.00 80.00 0.00 28 3 17 
20:37:40 46.68 0.00000000 0.00000000 0.00 0.00 0.00 80.00 0.00 28 3 17 
20:37:40 46.88 0.00000000 0.00000000 0.00 0.00 0.00 80.00 0.00 28 3 17 
20:37:41 47.08 0.00000000 0.00000000 0.00 0.00 0.00 80.00 0.00 28 3 17 
20:37:41 47.28 0.00000000 0.00000000 0.00 0.00 0.00 80.00 0.00 28 3 17 
20:37:41 47.48 0.00000000 0.00000000 0.00 0.00 0.00 80.00 0.00 28 3 17 
20:37:41 47.68 0.00000000 0.00000000 0.00 0.00 0.00 80.00 0.00 28 3 17 
20:37:41 47.88 0.00000000 0.00000000 0.00 0.00 0.00 80.00 0.00 28 3 17 
20:37:42 48.09 0.00000000 0.00000000 0.00 0.00 0.00 80.00 0.00 28 3 17 
20:37:42 48.29 0.00000000 0.00000000 0.00 0.00 0.00 79.00 0.00 28 3 17 
20:37:42 48.49 0.00000000 0.00000000 0.00 0.00 0.00 80.00 0.00 28 3 17 
20:37:42 48.69 0.00000000 0.00000000 0.00 0.00 0.00 80.00 0.00 28 3 17 
20:37:42 48.89 0.00000000 0.00000000 0.00 0.00 0.00 80.00 0.00 28 3 17 
20:37:43 49.09 0.00000000 0.00000000 0.00 0.00 0.00 80.00 0.00 28 3 17 
20:37:43 49.29 0.00000000 0.00000000 0.00 0.00 0.00 80.00 0.00 28 3 17 
20:37:43 49.49 0.00000000 0.00000000 0.00 0.00 0.00 80.00 0.00 28 3 17 
20:37:43 49.70 0.00000000 0.00000000 0.00 0.00 0.00 80.00 0.00 28 3 17 
20:37:43 49.90 0.00000000 0.00000000 0.00 0.00 0.00 80.00 0.00 28 3 17 
20:37:43 50.10 0.00000000 0.00000000 0.00 0.00 0.00 80.00 0.00 28 3 17 
20:37:43 50.30 0.00000000 0.00000000 0.00 0.00 0.00 80.00 0.00 28 3 17 
20:37:43 50.50 0.00000000 0.00000000 0.00 0.00 0.00 80.00 0.00 28 3 17 
20:37:43 50.70 0.00000000 0.00000000 0.00 0.00 0.00 79.00 0.00 28 3 17 
20:37:43 50.90 0.00000000 0.00000000 0.00 0.00 0.00 80.00 0.00 28 3 17 
20:37:43 51.10 0.00000000 0.00000000 0.00 0.00 0.00 80.00 0.00 28 3 17 
20:37:43 51.30 0.00000000 0.00000000 0.00 0.00 0.00 80.00 0.00 28 3 17 
20:37:43 51.51 0.00000000 0.00000000 0.00 0.00 0.00 80.00 0.00 28 3 17 
20:37:43 51.71 0.00000000 0.00000000 0.00 0.00 0.00 80.00 0.00 28 3 17 
20:37:43 51.91 0.00000000 0.00000000 0.00 0.00 0.00 80.00 0.00 28 3 17 
20:37:43 52.11 0.00000000 0.00000000 0.00 0.00 0.00 80.00 0.00 28 3 17 
20:37:43 52.31 0.00000000 0.00000000 0.00 0.00 0.00 80.00 0.00 28 3 17 
20:37:43 52.51 0.00000000 0.00000000 0.00 0.00 0.00 80.00 0.00 28 3 17 
20:37:43 52.71 0.00000000 0.00000000 0.00 0.00 0.00 80.00 0.00 28 3 17 
20:37:43 52.91 0.00000000 0.00000000 0.00 0.00 0.00 80.00 0.00 28 3 17 
20:37:43 53.11 0.00000000 0.00000000 0.00 0.00 0.00 80.00 0.00 28 3 17 
20:37:43 53.31 0.00000000 0.00000000 0.00 0.00 0.00 80.00 0.00 28 3 17 
20:37:43 53.52 0.00000000 0.00000000 0.00 0.00 0.00 80.00 0.00 28 3 17 
20:37:43 53.72 0.00000000 0.00000000 0.00 0.00 0.00 80.00 0.00 28 3 17 
20:37:43 53.92 0.00000000 0.00000000 0.00 0.00 0.00 80.00 0.00 28 3 17 
20:37:43 54.12 0.00000000 0.00000000 0.00 0.00 0.00 80.00 0.00 28 3 17 
20:37:43 54.32 0.00000000 0.00000000 0.00 0.00 0.00 80.00 0.00 28 3 17 
20:37:43 54.52 0.00000000 0.00000000 0.00 0.00 0.00 80.00 0.00 28 3 17 
20:37:43 54.72 0.00000000 0.00000000 0.00 0.00 0.00 80.00 0.00 28 3 17 
20:37:43 54.93 0.00000000 0.00000000 0.00 0.00 0.00 80.00 0.00 28 3 17 
20:37:43 55.13 0.00000000 0.00000000 0.00 0.00 0.00 80.00 0.00 28 3 17 
20:37:43 55.33 0.00000000 0.00000000 0.00 0.00 0.00 80.00 0.00 28 3 17 
20:37:43 55.53 0.00000000 0.00000000 0.00 0.00 0.00 80.00 0.00 28 3 17 
20:37:43 55.73 0.00000000 0.00000000 0.00 0.00 0.00 80.00 0.00 28 3 17 
20:37:43 55.93 0.00000000 0.00000000 0.00 0.00 0.00 80.00 0.00 28 3 17 
20:37:50 56.13 0.00000000 0.00000000 0.00 0.00 0.00 80.00 0.00 28 3 17 
20:37:50 56.33 0.00000000 0.00000000 0.00 0.00 0.00 80.00 0.00 28 3 17 
20:37:50 56.53 0.00000000 0.00000000 0.00 0.00 0.00 80.00 0.00 28 3 17 
20:37:50 56.74 0.00000000 0.00000000 0.00 0.00 0.00 79.00 0.00 28 3 17 
20:37:50 56.94 0.00000000 0.00000000 0.00 0.00 0.00 81.00 0.00 28 3 17 
20:37:51 57.14 0.00000000 0.00000000 0.00 0.00 0.00 79.00 0.00 28 3 17 
20:37:51 57.34 0.00000000 0.00000000 0.00 0.00 0.00 81.00 0.00 28 3 17 
20:37:51 57.54 0.00000000 0.00000000 0.00 0.00 0.00 80.00 0.00 28 3 17 
20:37:51 57.74 0.00000000 0.00000000 0.00 0.00 0.00 79.00 0.00 28 3 17 
20:37:51 57.94 0.00000000 0.00000000 0.00 0.00 0.00 80.00 0.00 28 3 17 
20:37:52 58.14 0.00000000 0.00000000 0.00 0.00 0.00 80.00 0.00 28 3 17 
20:37:52 58.35 0.00000000 0.00000000 0.00 0.00 0.00 80.00 0.00 28 3 17 
20:37:52 58.55 0.00000000 0.00000000 0.00 0.00 0.00 80.00 0.00 28 3 17 
20:37:52 58.75 0.00000000 0.00000000 0.00 0.00 0.00 80.00 0.00 28 3 17 
20:37:53 58.95 0.00000000 0.00000000 0.00 0.00 0.00 81.00 0.00 28 3 17 
20:37:53 59.15 0.00000000 0.00000000 0.00 0.00 0.00 79.00 0.00 28 3 17 
20:37:53 59.35 0.00000000 0.00000000 0.00 0.00 0.00 80.00 0.00 28 3 17 
20:37:53 59.56 0.00000000 0.00000000 0.00 0.00 0.00 80.00 0.00 28 3 17 
20:37:53 59.76 0.00000000 0.00000000 0.00 0.00 0.00 80.00 0.00 28 3 17 
20:37:54 59.96 0.00000000 0.00000000 0.00 0.00 0.00 80.00 0.00 28 3 17 
20:37:54 60.16 0.00000000 0.00000000 0.00 0.00 0.00 80.00 0.00 28 3 17 
20:37:54 60.36 0.00000000 0.00000000 0.00 0.00 0.00 80.00 0.00 28 3 17 
20:37:54 60.56 0.00000000 0.00000000 0.00 0.00 0.00 80.00 0.00 28 3 17 
20:37:54 60.76 0.00000000 0.00000000 0.00 0.00 0.00 80.00 0.00 28 3 17 
20:37:55 60.96 0.00000000 0.00000000 0.00 0.00 0.00 80.00 0.00 28 3 17 
20:37:55 61.17 0.00000000 0.00000000 0.00 0.00 0.00 80.00 0.00 28 3 17 
20:37:55 61.37 0.00000000 0.00000000 0.00 0.00 0.00 80.00 0.00 28 3 17 
20:37:55 61.57 0.00000000 0.00000000 0.00 0.00 0.00 80.00 0.00 28 3 17 
20:37:55 61.77 0.00000000 0.00000000 0.00 0.00 0.00 80.00 0.00 28 3 17 
20:37:56 61.97 0.00000000 0.00000000 0.00 0.00 0.00 80.00 0.00 28 3 17 
20:37:56 62.17 0.00000000 0.00000000 0.00 0.00 0.00 79.00 0.00 28 3 17 
20:37:56 62.37 0.00000000 0.00000000 0.00 0.00 0.00 79.00 0.00 28 3 17 
20:37:56 62.57 0.00000000 0.00000000 0.00 0.00 0.00 80.00 0.00 28 3 17 
20:37:56 62.77 0.00000000 0.00000000 0.00 0.00 0.00 80.00 0.00 28 3 17 
20:37:57 62.98 0.00000000 0.00000000 0.00 0.00 0.00 80.00 0.00 28 3 17 
20:37:57 63.18 0.00000000 0.00000000 0.00 0.00 0.00 80.00 0.00 28 3 17 
20:37:57 63.38 0.00000000 0.00000000 0.00 0.00 0.00 80.00 0.00 28 3 17 
20:37:57 63.58 0.00000000 0.00000000 0.00 0.00 0.00 80.00 0.00 28 3 17 
20:37:57 63.78 0.00000000 0.00000000 0.00 0.00 0.00 80.00 0.00 28 3 17 
20:37:58 63.98 0.00000000 0.00000000 0.00 0.00 0.00 80.00 0.00 28 3 17 
20:37:58 64.18 0.00000000 0.00000000 0.00 0.00 0.00 80.00 0.00 28 3 17 
20:37:58 64.38 0.00000000 0.00000000 0.00 0.00 0.00 80.00 0.00 28 3 17 
20:37:58 64.58 0.00000000 0.00000000 0.00 0.00 0.00 80.00 0.00 28 3 17 
20:37:58 64.78 0.00000000 0.00000000 0.00 0.00 0.00 80.00 0.00 28 3 17 
20:37:59 64.98 0.00000000 0.00000000 0.00 0.00 0.00 79.00 0.00 28 3 17 
20:37:59 65.18 0.00000000 0.00000000 0.00 0.00 0.00 80.00 0.00 28 3 17 
20:37:59 65.38 0.00000000 0.00000000 0.00 0.00 0.00 80.00 0.00 28 3 17 
20:37:59 65.59 0.00000000 0.00000000 0.00 0.00 0.00 80.00 0.00 28 3 17 
20:37:59 65.79 0.00000000 0.00000000 0.00 0.00 0.00 80.00 0.00 28 3 17 
20:38:0 65.99 0.00000000 0.00000000 0.00 0.00 0.00 80.00 0.00 28 3 17 
20:38:0 66.19 0.00000000 0.00000000 0.00 0.00 0.00 80.00 0.00 28 3 17 
20:38:0 66.39 0.00000000 0.00000000 0.00 0.00 0.00 80.00 0.00 28 3 17 
20:38:0 66.59 0.00000000 0.00000000 0.00 0.00 0.00 80.00 0.00 28 3 17 
20:38:0 66.79 0.00000000 0.00000000 0.00 0.00 0.00 80.00 0.00 28 3 17 
20:38:1 66.99 0.00000000 0.00000000 0.00 0.00 0.00 80.00 0.00 28 3 17 
20:38:1 67.19 0.00000000 0.00000000 0.00 0.00 0.00 80.00 0.00 28 3 17 
20:38:1 67.40 0.00000000 0.00000000 0.00 0.00 0.00 80.00 0.00 28 3 17 
20:38:1 67.60 0.00000000 0.00000000 0.00 0.00 0.00 80.00 0.00 28 3 17 
20:38:1 67.80 0.00000000 0.00000000 0.00 0.00 0.00 79.00 0.00 28 3 17 
20:38:2 68.00 0.00000000 0.00000000 0.00 0.00 0.00 80.00 0.00 28 3 17 
20:38:2 68.20 0.00000000 0.00000000 0.00 0.00 0.00 79.00 0.00 28 3 17 
20:38:2 68.40 0.00000000 0.00000000 0.00 0.00 0.00 80.00 0.00 28 3 17 
20:38:2 68.60 0.00000000 0.00000000 0.00 0.00 0.00 79.00 0.00 28 3 17 
20:38:2 68.80 0.00000000 0.00000000 0.00 0.00 0.00 80.00 0.00 28 3 17 
20:38:3 69.00 0.00000000 0.00000000 0.00 0.00 0.00 80.00 0.00 28 3 17 
20:38:3 69.20 0.00000000 0.00000000 0.00 0.00 0.00 80.00 0.00 28 3 17 
20:38:3 69.40 0.00000000 0.00000000 0.00 0.00 0.00 81.00 0.00 28 3 17 
20:38:3 69.60 0.00000000 0.00000000 0.00 0.00 0.00 80.00 0.00 28 3 17 
20:38:3 69.80 0.00000000 0.00000000 0.00 0.00 0.00 79.00 0.00 28 3 17 
20:38:4 70.01 0.00000000 0.00000000 0.00 0.00 0.00 79.00 0.00 28 3 17 
20:38:4 70.21 0.00000000 0.00000000 0.00 0.00 0.00 80.00 0.00 28 3 17 
20:38:4 70.41 0.00000000 0.00000000 0.00 0.00 0.00 80.00 0.00 28 3 17 
20:38:4 70.61 0.00000000 0.00000000 0.00 0.00 0.00 80.00 0.00 28 3 17 
20:38:4 70.81 0.00000000 0.00000000 0.00 0.00 0.00 80.00 0.00 28 3 17 
20:38:5 71.01 0.00000000 0.00000000 0.00 0.00 0.00 80.00 0.00 28 3 17 
20:38:5 71.21 0.00000000 0.00000000 0.00 0.00 0.00 80.00 0.00 28 3 17 
20:38:5 71.41 0.00000000 0.00000000 0.00 0.00 0.00 80.00 0.00 28 3 17 
20:38:5 71.61 0.00000000 0.00000000 0.00 0.00 0.00 80.00 0.00 28 3 17 
20:38:5 71.81 0.00000000 0.00000000 0.00 0.00 0.00 80.00 0.00 28 3 17 
20:38:6 72.01 0.00000000 0.00000000 0.00 0.00 0.00 80.00 0.00 28 3 17 
20:38:6 72.21 0.00000000 0.00000000 0.00 0.00 0.00 80.00 0.00 28 3 17 
20:38:6 72.41 0.00000000 0.00000000 0.00 0.00 0.00 79.00 0.00 28 3 17 
20:38:6 72.61 0.00000000 0.00000000 0.00 0.00 0.00 80.00 0.00 28 3 17 
20:38:6 72.81 0.00000000 0.00000000 0.00 0.00 0.00 80.00 0.00 28 3 17 
20:38:7 73.01 0.00000000 0.00000000 0.00 0.00 0.00 80.00 0.00 28 3 17 
20:38:7 73.22 0.00000000 0.00000000 0.00 0.00 0.00 80.00 0.00 28 3 17 
20:38:7 73.42 0.00000000 0.00000000 0.00 0.00 0.00 80.00 0.00 28 3 17 
20:38:7 73.62 0.00000000 0.00000000 0.00 0.00 0.00 80.00 0.00 28 3 17 
20:38:7 73.82 0.00000000 0.00000000 0.00 0.00 0.00 80.00 0.00 28 3 17 
20:38:8 74.02 0.00000000 0.00000000 0.00 0.00 0.00 80.00 0.00 28 3 17 
20:38:8 74.22 0.00000000 0.00000000 0.00 0.00 0.00 80.00 0.00 28 3 17 
20:38:8 74.42 0.00000000 0.00000000 0.00 0.00 0.00 80.00 0.00 28 3 17 
20:38:8 74.62 0.00000000 0.00000000 0.00 0.00 0.00 80.00 0.00 28 3 17 
20:38:8 74.82 0.00000000 0.00000000 0.00 0.00 0.00 79.00 0.00 28 3 17 
20:38:9 75.02 0.00000000 0.00000000 0.00 0.00 0.00 80.00 0.00 28 3 17 
20:38:9 75.22 0.00000000 0.00000000 0.00 0.00 0.00 80.00 0.00 28 3 17 
20:38:9 75.42 0.00000000 0.00000000 0.00 0.00 0.00 79.00 0.00 28 3 17 
20:38:9 75.62 0.00000000 0.00000000 0.00 0.00 0.00 80.00 0.00 28 3 17 
20:38:9 75.82 0.00000000 0.00000000 0.00 0.00 0.00 79.00 0.00 28 3 17 
20:38:10 76.02 0.00000000 0.00000000 0.00 0.00 0.00 80.00 0.00 28 3 17 
20:38:10 76.22 0.00000000 0.00000000 0.00 0.00 0.00 80.00 0.00 28 3 17 
20:38:10 76.43 0.00000000 0.00000000 0.00 0.00 0.00 80.00 0.00 28 3 17 
20:38:10 76.63 0.00000000 0.00000000 0.00 0.00 0.00 80.00 0.00 28 3 17 
20:38:10 76.83 0.00000000 0.00000000 0.00 0.00 0.00 80.00 0.00 28 3 17 
20:38:11 77.03 0.00000000 0.00000000 0.00 0.00 0.00 80.00 0.00 28 3 17 
20:38:11 77.23 0.00000000 0.00000000 0.00 0.00 0.00 80.00 0.00 28 3 17 
20:38:11 77.43 0.00000000 0.00000000 0.00 0.00 0.00 80.00 0.00 28 3 17 
20:38:11 77.63 0.00000000 0.00000000 0.00 0.00 0.00 80.00 0.00 28 3 17 
20:38:11 77.83 0.00000000 0.00000000 0.00 0.00 0.00 80.00 0.00 28 3 17 
20:38:12 78.03 0.00000000 0.00000000 0.00 0.00 0.00 80.00 0.00 28 3 17 
20:38:12 78.23 0.00000000 0.00000000 0.00 0.00 0.00 80.00 0.00 28 3 17 
20:38:12 78.43 0.00000000 0.00000000 0.00 0.00 0.00 80.00 0.00 28 3 17 
20:38:12 78.63 0.00000000 0.00000000 0.00 0.00 0.00 80.00 0.00 28 3 17 
20:38:12 78.83 0.00000000 0.00000000 0.00 0.00 0.00 80.00 0.00 28 3 17 
20:38:13 79.03 0.00000000 0.00000000 0.00 0.00 0.00 80.00 0.00 28 3 17 
20:38:13 79.23 0.00000000 0.00000000 0.00 0.00 0.00 80.00 0.00 28 3 17 
20:38:13 79.43 0.00000000 0.00000000 0.00 0.00 0.00 80.00 0.00 28 3 17 
20:38:13 79.63 0.00000000 0.00000000 0.00 0.00 0.00 80.00 0.00 28 3 17 
20:38:13 79.84 0.00000000 0.00000000 0.00 0.00 0.00 80.00 0.00 28 3 17 
20:38:14 80.04 0.00000000 0.00000000 0.00 0.00 0.00 80.00 0.00 28 3 17 
20:38:14 80.24 0.00000000 0.00000000 0.00 0.00 0.00 80.00 0.00 28 3 17 
20:38:14 80.44 0.00000000 0.00000000 0.00 0.00 0.00 80.00 0.00 28 3 17 
20:38:14 80.64 0.00000000 0.00000000 0.00 0.00 0.00 80.00 0.00 28 3 17 
20:38:14 80.84 0.00000000 0.00000000 0.00 0.00 0.00 80.00 0.00 28 3 17 
20:38:15 81.04 0.00000000 0.00000000 0.00 0.00 0.00 80.00 0.00 28 3 17 
20:38:15 81.24 0.00000000 0.00000000 0.00 0.00 0.00 80.00 0.00 28 3 17 
20:38:15 81.44 0.00000000 0.00000000 0.00 0.00 0.00 80.00 0.00 28 3 17 
20:38:15 81.64 0.00000000 0.00000000 0.00 0.00 0.00 80.00 0.00 28 3 17 
20:38:15 81.84 0.00000000 0.00000000 0.00 0.00 0.00 80.00 0.00 28 3 17 
20:38:16 82.04 0.00000000 0.00000000 0.00 0.00 0.00 80.00 0.00 28 3 17 
20:38:16 82.25 0.00000000 0.00000000 0.00 0.00 0.00 80.00 0.00 28 3 17 
20:38:16 82.45 0.00000000 0.00000000 0.00 0.00 0.00 80.00 0.00 28 3 17 
20:38:16 82.65 0.00000000 0.00000000 0.00 0.00 0.00 80.00 0.00 28 3 17 
20:38:16 82.85 0.00000000 0.00000000 0.00 0.00 0.00 80.00 0.00 28 3 17 
20:38:17 83.05 0.00000000 0.00000000 0.00 0.00 0.00 80.00 0.00 28 3 17 
20:38:17 83.25 0.00000000 0.00000000 0.00 0.00 0.00 80.00 0.00 28 3 17 
20:38:17 83.45 0.00000000 0.00000000 0.00 0.00 0.00 80.00 0.00 28 3 17 
20:38:17 83.65 0.00000000 0.00000000 0.00 0.00 0.00 80.00 0.00 28 3 17 
20:38:17 83.85 0.00000000 0.00000000 0.00 0.00 0.00 80.00 0.00 28 3 17 
20:38:18 84.05 0.00000000 0.00000000 0.00 0.00 0.00 80.00 0.00 28 3 17 
20:38:18 84.25 0.00000000 0.00000000 0.00 0.00 0.00 80.00 0.00 28 3 17 
20:38:18 84.45 0.00000000 0.00000000 0.00 0.00 0.00 80.00 0.00 28 3 17 
20:38:18 84.65 0.00000000 0.00000000 0.00 0.00 0.00 80.00 0.00 28 3 17 
20:38:18 84.85 0.00000000 0.00000000 0.00 0.00 0.00 80.00 0.00 28 3 17 
20:38:19 85.05 0.00000000 0.00000000 0.00 0.00 0.00 80.00 0.00 28 3 17 
20:38:19 85.25 0.00000000 0.00000000 0.00 0.00 0.00 80.00 0.00 28 3 17 
20:38:19 85.45 0.00000000 0.00000000 0.00 0.00 0.00 80.00 0.00 28 3 17 
20:38:19 85.66 0.00000000 0.00000000 0.00 0.00 0.00 80.00 0.00 28 3 17 
20:38:19 85.86 0.00000000 0.00000000 0.00 0.00 0.00 80.00 0.00 28 3 17 
20:38:20 86.06 0.00000000 0.00000000 0.00 0.00 0.00 80.00 0.00 28 3 17 
20:38:20 86.26 0.00000000 0.00000000 0.00 0.00 0.00 80.00 0.00 28 3 17 
20:38:20 86.46 0.00000000 0.00000000 0.00 0.00 0.00 80.00 0.00 28 3 17 
20:38:20 86.66 0.00000000 0.00000000 0.00 0.00 0.00 79.00 0.00 28 3 17 
20:38:20 86.86 0.00000000 0.00000000 0.00 0.00 0.00 80.00 0.00 28 3 17 
20:38:21 87.06 0.00000000 0.00000000 0.00 0.00 0.00 80.00 0.00 28 3 17 
20:38:21 87.26 0.00000000 0.00000000 0.00 0.00 0.00 80.00 0.00 28 3 17 
20:38:21 87.46 0.00000000 0.00000000 0.00 0.00 0.00 80.00 0.00 28 3 17 
20:38:21 87.66 0.00000000 0.00000000 0.00 0.00 0.00 80.00 0.00 28 3 17 
20:38:21 87.86 0.00000000 0.00000000 0.00 0.00 0.00 80.00 0.00 28 3 17 
20:38:22 88.06 0.00000000 0.00000000 0.00 0.00 0.00 80.00 0.00 28 3 17 
20:38:22 88.26 0.00000000 0.00000000 0.00 0.00 0.00 80.00 0.00 28 3 17 
20:38:22 88.47 0.00000000 0.00000000 0.00 0.00 0.00 80.00 0.00 28 3 17 
20:38:22 88.67 0.00000000 0.00000000 0.00 0.00 0.00 80.00 0.00 28 3 17 
20:38:22 88.87 0.00000000 0.00000000 0.00 0.00 0.00 80.00 0.00 28 3 17 
20:38:23 89.07 0.00000000 0.00000000 0.00 0.00 0.00 80.00 0.00 28 3 17 
20:38:23 89.27 0.00000000 0.00000000 0.00 0.00 0.00 80.00 0.00 28 3 17 
20:38:23 89.47 0.00000000 0.00000000 0.00 0.00 0.00 80.00 0.00 28 3 17 
20:38:23 89.67 0.00000000 0.00000000 0.00 0.00 0.00 80.00 0.00 28 3 17 
20:38:23 89.87 0.00000000 0.00000000 0.00 0.00 0.00 80.00 0.00 28 3 17 
20:38:24 90.07 0.00000000 0.00000000 0.00 0.00 0.00 80.00 0.00 28 3 17 
20:38:24 90.27 0.00000000 0.00000000 0.00 0.00 0.00 80.00 0.00 28 3 17 
20:38:24 90.47 0.00000000 0.00000000 0.00 0.00 0.00 80.00 0.00 28 3 17 
20:38:24 90.67 0.00000000 0.00000000 0.00 0.00 0.00 80.00 0.00 28 3 17 
20:38:24 90.87 0.00000000 0.00000000 0.00 0.00 0.00 80.00 0.00 28 3 17 
20:38:25 91.07 0.00000000 0.00000000 0.00 0.00 0.00 80.00 0.00 28 3 17 
20:38:25 91.27 0.00000000 0.00000000 0.00 0.00 0.00 80.00 0.00 28 3 17 
20:38:25 91.47 0.00000000 0.00000000 0.00 0.00 0.00 80.00 0.00 28 3 17 
20:38:25 91.68 0.00000000 0.00000000 0.00 0.00 0.00 80.00 0.00 28 3 17 
20:38:25 91.88 0.00000000 0.00000000 0.00 0.00 0.00 80.00 0.00 28 3 17 
20:38:26 92.08 0.00000000 0.00000000 0.00 0.00 0.00 80.00 0.00 28 3 17 
20:38:26 92.28 0.00000000 0.00000000 0.00 0.00 0.00 80.00 0.00 28 3 17 
20:38:26 92.48 0.00000000 0.00000000 0.00 0.00 0.00 80.00 0.00 28 3 17 
20:38:26 92.68 0.00000000 0.00000000 0.00 0.00 0.00 80.00 0.00 28 3 17 
20:38:26 92.88 0.00000000 0.00000000 0.00 0.00 0.00 79.00 0.00 28 3 17 
20:38:27 93.08 0.00000000 0.00000000 0.00 0.00 0.00 80.00 0.00 28 3 17 
20:38:27 93.28 0.00000000 0.00000000 0.00 0.00 0.00 80.00 0.00 28 3 17 
20:38:27 93.48 0.00000000 0.00000000 0.00 0.00 0.00 79.00 0.00 28 3 17 
20:38:27 93.68 0.00000000 0.00000000 0.00 0.00 0.00 80.00 0.00 28 3 17 
20:38:27 93.88 0.00000000 0.00000000 0.00 0.00 0.00 80.00 0.00 28 3 17 
20:38:28 94.08 0.00000000 0.00000000 0.00 0.00 0.00 79.00 0.00 28 3 17 
20:38:28 94.28 0.00000000 0.00000000 0.00 0.00 0.00 80.00 0.00 28 3 17 
20:38:28 94.48 0.00000000 0.00000000 0.00 0.00 0.00 80.00 0.00 28 3 17 
20:38:28 94.68 0.00000000 0.00000000 0.00 0.00 0.00 80.00 0.00 28 3 17 
20:38:28 94.88 0.00000000 0.00000000 0.00 0.00 0.00 80.00 0.00 28 3 17 
20:38:29 95.09 0.00000000 0.00000000 0.00 0.00 0.00 80.00 0.00 28 3 17 
20:38:29 95.29 0.00000000 0.00000000 0.00 0.00 0.00 80.00 0.00 28 3 17 
20:38:29 95.49 0.00000000 0.00000000 0.00 0.00 0.00 80.00 0.00 28 3 17 
20:38:29 95.69 0.00000000 0.00000000 0.00 0.00 0.00 80.00 0.00 28 3 17 
20:38:29 95.89 0.00000000 0.00000000 0.00 0.00 0.00 80.00 0.00 28 3 17 
20:38:30 96.09 0.00000000 0.00000000 0.00 0.00 0.00 80.00 0.00 28 3 17 
20:38:30 96.29 0.00000000 0.00000000 0.00 0.00 0.00 80.00 0.00 28 3 17 
20:38:30 96.49 0.00000000 0.00000000 0.00 0.00 0.00 80.00 0.00 28 3 17 
20:38:30 96.69 0.00000000 0.00000000 0.00 0.00 0.00 80.00 0.00 28 3 17 
20:38:30 96.89 0.00000000 0.00000000 0.00 0.00 0.00 80.00 0.00 28 3 17 
20:38:31 97.09 0.00000000 0.00000000 0.00 0.00 0.00 79.00 0.00 28 3 17 
20:38:31 97.29 0.00000000 0.00000000 0.00 0.00 0.00 80.00 0.00 28 3 17 
20:38:31 97.49 0.00000000 0.00000000 0.00 0.00 0.00 80.00 0.00 28 3 17 
20:38:31 97.69 0.00000000 0.00000000 0.00 0.00 0.00 80.00 0.00 28 3 17 
20:38:31 97.90 0.00000000 0.00000000 0.00 0.00 0.00 80.00 0.00 28 3 17 
20:38:32 98.10 0.00000000 0.00000000 0.00 0.00 0.00 80.00 0.00 28 3 17 
20:38:32 98.30 0.00000000 0.00000000 0.00 0.00 0.00 80.00 0.00 28 3 17 
20:38:32 98.50 0.00000000 0.00000000 0.00 0.00 0.00 80.00 0.00 28 3 17 
20:38:32 98.70 0.00000000 0.00000000 0.00 0.00 0.00 80.00 0.00 28 3 17 
20:38:32 98.90 0.00000000 0.00000000 0.00 0.00 0.00 80.00 0.00 28 3 17 
20:38:32 99.10 0.00000000 0.00000000 0.00 0.00 0.00 80.00 0.00 28 3 17 
20:38:32 99.30 0.00000000 0.00000000 0.00 0.00 0.00 80.00 0.00 28 3 17 
20:38:32 99.50 0.00000000 0.00000000 0.00 0.00 0.00 80.00 0.00 28 3 17 
20:38:32 99.70 0.00000000 0.00000000 0.00 0.00 0.00 80.00 0.00 28 3 17 
20:38:32 99.90 0.00000000 0.00000000 0.00 0.00 0.00 80.00 0.00 28 3 17 
20:38:32 100.10 0.00000000 0.00000000 0.00 0.00 0.00 80.00 0.00 28 3 17 
20:38:32 100.30 0.00000000 0.00000000 0.00 0.00 0.00 80.00 0.00 28 3 17 
20:38:32 100.50 0.00000000 0.00000000 0.00 0.00 0.00 80.00 0.00 28 3 17 
20:38:32 100.70 0.00000000 0.00000000 0.00 0.00 0.00 80.00 0.00 28 3 17 
20:38:32 100.91 0.00000000 0.00000000 0.00 0.00 0.00 80.00 0.00 28 3 17 
20:38:32 101.11 0.00000000 0.00000000 0.00 0.00 0.00 80.00 0.00 28 3 17 
20:38:32 101.31 0.00000000 0.00000000 0.00 0.00 0.00 80.00 0.00 28 3 17 
20:38:32 101.51 0.00000000 0.00000000 0.00 0.00 0.00 80.00 0.00 28 3 17 
20:38:32 101.71 0.00000000 0.00000000 0.00 0.00 0.00 80.00 0.00 28 3 17 
20:38:32 101.91 0.00000000 0.00000000 0.00 0.00 0.00 81.00 0.00 28 3 17 
20:38:32 102.11 0.00000000 0.00000000 0.00 0.00 0.00 80.00 0.00 28 3 17 
20:38:32 102.31 0.00000000 0.00000000 0.00 0.00 0.00 80.00 0.00 28 3 17 
20:38:32 102.51 0.00000000 0.00000000 0.00 0.00 0.00 80.00 0.00 28 3 17 
20:38:32 102.71 0.00000000 0.00000000 0.00 0.00 0.00 80.00 0.00 28 3 17 
20:38:32 102.91 0.00000000 0.00000000 0.00 0.00 0.00 80.00 0.00 28 3 17 
20:38:32 103.12 0.00000000 0.00000000 0.00 0.00 0.00 80.00 0.00 28 3 17 
20:38:32 103.32 0.00000000 0.00000000 0.00 0.00 0.00 80.00 0.00 28 3 17 
20:38:32 103.52 0.00000000 0.00000000 0.00 0.00 0.00 79.00 0.00 28 3 17 
20:38:32 103.72 0.00000000 0.00000000 0.00 0.00 0.00 79.00 0.00 28 3 17 
20:38:32 103.92 0.00000000 0.00000000 0.00 0.00 0.00 80.00 0.00 28 3 17 
20:38:32 104.12 0.00000000 0.00000000 0.00 0.00 0.00 80.00 0.00 28 3 17 
20:38:32 104.32 0.00000000 0.00000000 0.00 0.00 0.00 80.00 0.00 28 3 17 
20:38:32 104.52 0.00000000 0.00000000 0.00 0.00 0.00 80.00 0.00 28 3 17 
20:38:32 104.72 0.00000000 0.00000000 0.00 0.00 0.00 80.00 0.00 28 3 17 
20:38:32 104.92 0.00000000 0.00000000 0.00 0.00 0.00 80.00 0.00 28 3 17 
20:38:32 105.12 0.00000000 0.00000000 0.00 0.00 0.00 80.00 0.00 28 3 17 
20:38:32 105.33 0.00000000 0.00000000 0.00 0.00 0.00 80.00 0.00 28 3 17 
20:38:32 105.53 0.00000000 0.00000000 0.00 0.00 0.00 80.00 0.00 28 3 17 
20:38:32 105.73 0.00000000 0.00000000 0.00 0.00 0.00 80.00 0.00 28 3 17 
20:38:32 105.93 0.00000000 0.00000000 0.00 0.00 0.00 80.00 0.00 28 3 17 
20:38:32 106.13 0.00000000 0.00000000 0.00 0.00 0.00 80.00 0.00 28 3 17 
20:38:32 106.33 0.00000000 0.00000000 0.00 0.00 0.00 80.00 0.00 28 3 17 
20:38:32 106.53 0.00000000 0.00000000 0.00 0.00 0.00 80.00 0.00 28 3 17 
20:38:32 106.73 0.00000000 0.00000000 0.00 0.00 0.00 80.00 0.00 28 3 17 
20:38:32 106.93 0.00000000 0.00000000 0.00 0.00 0.00 80.00 0.00 28 3 17 
20:38:32 107.13 0.00000000 0.00000000 0.00 0.00 0.00 80.00 0.00 28 3 17 
20:38:32 107.33 0.00000000 0.00000000 0.00 0.00 0.00 80.00 0.00 28 3 17 
20:38:32 107.54 0.00000000 0.00000000 0.00 0.00 0.00 80.00 0.00 28 3 17 
20:38:32 107.74 0.00000000 0.00000000 0.00 0.00 0.00 80.00 0.00 28 3 17 
20:38:32 107.94 0.00000000 0.00000000 0.00 0.00 0.00 80.00 0.00 28 3 17 
20:38:32 108.14 0.00000000 0.00000000 0.00 0.00 0.00 80.00 0.00 28 3 17 
20:38:32 108.34 0.00000000 0.00000000 0.00 0.00 0.00 80.00 0.00 28 3 17 
20:38:32 108.54 0.00000000 0.00000000 0.00 0.00 0.00 80.00 0.00 28 3 17 
20:38:32 108.74 0.00000000 0.00000000 0.00 0.00 0.00 80.00 0.00 28 3 17 
20:38:32 108.94 0.00000000 0.00000000 0.00 0.00 0.00 80.00 0.00 28 3 17 
20:38:43 109.14 0.00000000 0.00000000 0.00 0.00 0.00 80.00 0.00 28 3 17 
20:38:43 109.34 0.00000000 0.00000000 0.00 0.00 0.00 80.00 0.00 28 3 17 
20:38:43 109.54 0.00000000 0.00000000 0.00 0.00 0.00 80.00 0.00 28 3 17 
20:38:43 109.74 0.00000000 0.00000000 0.00 0.00 0.00 79.00 0.00 28 3 17 
20:38:43 109.95 0.00000000 0.00000000 0.00 0.00 0.00 80.00 0.00 28 3 17 
20:38:44 110.15 0.00000000 0.00000000 0.00 0.00 0.00 80.00 0.00 28 3 17 
20:38:44 110.35 0.00000000 0.00000000 0.00 0.00 0.00 80.00 0.00 28 3 17 
20:38:44 110.55 0.00000000 0.00000000 0.00 0.00 0.00 80.00 0.00 28 3 17 
20:38:44 110.75 0.00000000 0.00000000 0.00 0.00 0.00 80.00 0.00 28 3 17 
20:38:44 110.95 0.00000000 0.00000000 0.00 0.00 0.00 80.00 0.00 28 3 17 
20:38:45 111.15 0.00000000 0.00000000 0.00 0.00 0.00 80.00 0.00 28 3 17 
20:38:45 111.35 0.00000000 0.00000000 0.00 0.00 0.00 79.00 0.00 28 3 17 
20:38:45 111.55 0.00000000 0.00000000 0.00 0.00 0.00 80.00 0.00 28 3 17 
20:38:45 111.75 0.00000000 0.00000000 0.00 0.00 0.00 80.00 0.00 28 3 17 
20:38:45 111.95 0.00000000 0.00000000 0.00 0.00 0.00 80.00 0.00 28 3 17 
20:38:46 112.15 0.00000000 0.00000000 0.00 0.00 0.00 80.00 0.00 28 3 17 
20:38:46 112.36 0.00000000 0.00000000 0.00 0.00 0.00 79.00 0.00 28 3 17 
20:38:46 112.56 0.00000000 0.00000000 0.00 0.00 0.00 80.00 0.00 28 3 17 
20:38:46 112.76 0.00000000 0.00000000 0.00 0.00 0.00 80.00 0.00 28 3 17 
20:38:47 112.96 0.00000000 0.00000000 0.00 0.00 0.00 80.00 0.00 28 3 17 
20:38:47 113.16 0.00000000 0.00000000 0.00 0.00 0.00 80.00 0.00 28 3 17 
20:38:47 113.36 0.00000000 0.00000000 0.00 0.00 0.00 80.00 0.00 28 3 17 
20:38:47 113.56 0.00000000 0.00000000 0.00 0.00 0.00 80.00 0.00 28 3 17 
20:38:47 113.76 0.00000000 0.00000000 0.00 0.00 0.00 80.00 0.00 28 3 17 
20:38:48 113.97 0.00000000 0.00000000 0.00 0.00 0.00 80.00 0.00 28 3 17 
20:38:48 114.17 0.00000000 0.00000000 0.00 0.00 0.00 80.00 0.00 28 3 17 
20:38:48 114.37 0.00000000 0.00000000 0.00 0.00 0.00 80.00 0.00 28 3 17 
20:38:48 114.57 0.00000000 0.00000000 0.00 0.00 0.00 80.00 0.00 28 3 17 
20:38:48 114.77 0.00000000 0.00000000 0.00 0.00 0.00 80.00 0.00 28 3 17 
20:38:49 114.97 0.00000000 0.00000000 0.00 0.00 0.00 80.00 0.00 28 3 17 
20:38:49 115.17 0.00000000 0.00000000 0.00 0.00 0.00 80.00 0.00 28 3 17 
20:38:49 115.37 0.00000000 0.00000000 0.00 0.00 0.00 80.00 0.00 28 3 17 
20:38:49 115.57 0.00000000 0.00000000 0.00 0.00 0.00 79.00 0.00 28 3 17 
20:38:49 115.77 0.00000000 0.00000000 0.00 0.00 0.00 79.00 0.00 28 3 17 
20:38:50 115.97 0.00000000 0.00000000 0.00 0.00 0.00 79.00 0.00 28 3 17 
20:38:50 116.17 0.00000000 0.00000000 0.00 0.00 0.00 79.00 0.00 28 3 17 
20:38:50 116.37 0.00000000 0.00000000 0.00 0.00 0.00 80.00 0.00 28 3 17 
20:38:50 116.58 0.00000000 0.00000000 0.00 0.00 0.00 80.00 0.00 28 3 17 
20:38:50 116.78 0.00000000 0.00000000 0.00 0.00 0.00 80.00 0.00 28 3 17 
20:38:51 116.98 0.00000000 0.00000000 0.00 0.00 0.00 80.00 0.00 28 3 17 
20:38:51 117.18 0.00000000 0.00000000 0.00 0.00 0.00 80.00 0.00 28 3 17 
20:38:51 117.38 0.00000000 0.00000000 0.00 0.00 0.00 80.00 0.00 28 3 17 
20:38:51 117.58 0.00000000 0.00000000 0.00 0.00 0.00 80.00 0.00 28 3 17 
20:38:51 117.78 0.00000000 0.00000000 0.00 0.00 0.00 80.00 0.00 28 3 17 
20:38:52 117.98 0.00000000 0.00000000 0.00 0.00 0.00 80.00 0.00 28 3 17 
20:38:52 118.18 0.00000000 0.00000000 0.00 0.00 0.00 79.00 0.00 28 3 17 
20:38:52 118.38 0.00000000 0.00000000 0.00 0.00 0.00 80.00 0.00 28 3 17 
20:38:52 118.58 0.00000000 0.00000000 0.00 0.00 0.00 80.00 0.00 28 3 17 
20:38:52 118.78 0.00000000 0.00000000 0.00 0.00 0.00 80.00 0.00 28 3 17 
20:38:53 118.98 0.00000000 0.00000000 0.00 0.00 0.00 80.00 0.00 28 3 17 
20:38:53 119.19 0.00000000 0.00000000 0.00 0.00 0.00 80.00 0.00 28 3 17 
20:38:53 119.39 0.00000000 0.00000000 0.00 0.00 0.00 80.00 0.00 28 3 17 
20:38:53 119.59 0.00000000 0.00000000 0.00 0.00 0.00 80.00 0.00 28 3 17 
20:38:53 119.79 0.00000000 0.00000000 0.00 0.00 0.00 80.00 0.00 28 3 17 
20:38:54 119.99 0.00000000 0.00000000 0.00 0.00 0.00 80.00 0.00 28 3 17 
20:38:54 120.19 0.00000000 0.00000000 0.00 0.00 0.00 80.00 0.00 28 3 17 
20:38:54 120.39 0.00000000 0.00000000 0.00 0.00 0.00 80.00 0.00 28 3 17 
20:38:54 120.59 0.00000000 0.00000000 0.00 0.00 0.00 80.00 0.00 28 3 17 
20:38:54 120.79 0.00000000 0.00000000 0.00 0.00 0.00 80.00 0.00 28 3 17 
20:38:55 120.99 0.00000000 0.00000000 0.00 0.00 0.00 80.00 0.00 28 3 17 
20:38:55 121.19 0.00000000 0.00000000 0.00 0.00 0.00 80.00 0.00 28 3 17 
20:38:55 121.39 0.00000000 0.00000000 0.00 0.00 0.00 80.00 0.00 28 3 17 
20:38:55 121.59 0.00000000 0.00000000 0.00 0.00 0.00 80.00 0.00 28 3 17 
20:38:55 121.79 0.00000000 0.00000000 0.00 0.00 0.00 79.00 0.00 28 3 17 
20:38:56 121.99 0.00000000 0.00000000 0.00 0.00 0.00 80.00 0.00 28 3 17 
20:38:56 122.19 0.00000000 0.00000000 0.00 0.00 0.00 80.00 0.00 28 3 17 
20:38:56 122.40 0.00000000 0.00000000 0.00 0.00 0.00 80.00 0.00 28 3 17 
20:38:56 122.60 0.00000000 0.00000000 0.00 0.00 0.00 80.00 0.00 28 3 17 
20:38:56 122.80 0.00000000 0.00000000 0.00 0.00 0.00 80.00 0.00 28 3 17 
20:38:57 123.00 0.00000000 0.00000000 0.00 0.00 0.00 80.00 0.00 28 3 17 
20:38:57 123.20 0.00000000 0.00000000 0.00 0.00 0.00 80.00 0.00 28 3 17 
20:38:57 123.40 0.00000000 0.00000000 0.00 0.00 0.00 80.00 0.00 28 3 17 
20:38:57 123.60 0.00000000 0.00000000 0.00 0.00 0.00 80.00 0.00 28 3 17 
20:38:57 123.80 0.00000000 0.00000000 0.00 0.00 0.00 79.00 0.00 28 3 17 
20:38:58 124.00 0.00000000 0.00000000 0.00 0.00 0.00 80.00 0.00 28 3 17 
20:38:58 124.20 0.00000000 0.00000000 0.00 0.00 0.00 80.00 0.00 28 3 17 
20:38:58 124.40 0.00000000 0.00000000 0.00 0.00 0.00 80.00 0.00 28 3 17 
20:38:58 124.61 0.00000000 0.00000000 0.00 0.00 0.00 80.00 0.00 28 3 17 
20:38:58 124.81 0.00000000 0.00000000 0.00 0.00 0.00 80.00 0.00 28 3 17 
20:38:59 125.01 0.00000000 0.00000000 0.00 0.00 0.00 80.00 0.00 28 3 17 
20:38:59 125.21 0.00000000 0.00000000 0.00 0.00 0.00 80.00 0.00 28 3 17 
20:38:59 125.41 0.00000000 0.00000000 0.00 0.00 0.00 80.00 0.00 28 3 17 
20:38:59 125.61 0.00000000 0.00000000 0.00 0.00 0.00 80.00 0.00 28 3 17 
20:38:59 125.81 0.00000000 0.00000000 0.00 0.00 0.00 79.00 0.00 28 3 17 
20:39:0 126.01 0.00000000 0.00000000 0.00 0.00 0.00 80.00 0.00 28 3 17 
20:39:0 126.21 0.00000000 0.00000000 0.00 0.00 0.00 80.00 0.00 28 3 17 
20:39:0 126.41 0.00000000 0.00000000 0.00 0.00 0.00 80.00 0.00 28 3 17 
20:39:0 126.61 0.00000000 0.00000000 0.00 0.00 0.00 80.00 0.00 28 3 17 
20:39:0 126.81 0.00000000 0.00000000 0.00 0.00 0.00 80.00 0.00 28 3 17 
20:39:1 127.01 0.00000000 0.00000000 0.00 0.00 0.00 80.00 0.00 28 3 17 
20:39:1 127.21 0.00000000 0.00000000 0.00 0.00 0.00 80.00 0.00 28 3 17 
20:39:1 127.41 0.00000000 0.00000000 0.00 0.00 0.00 80.00 0.00 28 3 17 
20:39:1 127.62 0.00000000 0.00000000 0.00 0.00 0.00 80.00 0.00 28 3 17 
20:39:1 127.82 0.00000000 0.00000000 0.00 0.00 0.00 80.00 0.00 28 3 17 
20:39:2 128.02 0.00000000 0.00000000 0.00 0.00 0.00 80.00 0.00 28 3 17 
20:39:2 128.22 0.00000000 0.00000000 0.00 0.00 0.00 80.00 0.00 28 3 17 
20:39:2 128.42 0.00000000 0.00000000 0.00 0.00 0.00 80.00 0.00 28 3 17 
20:39:2 128.62 0.00000000 0.00000000 0.00 0.00 0.00 80.00 0.00 28 3 17 
20:39:2 128.82 0.00000000 0.00000000 0.00 0.00 0.00 80.00 0.00 28 3 17 
20:39:3 129.02 0.00000000 0.00000000 0.00 0.00 0.00 80.00 0.00 28 3 17 
20:39:3 129.22 0.00000000 0.00000000 0.00 0.00 0.00 80.00 0.00 28 3 17 
20:39:3 129.42 0.00000000 0.00000000 0.00 0.00 0.00 80.00 0.00 28 3 17 
20:39:3 129.62 0.00000000 0.00000000 0.00 0.00 0.00 80.00 0.00 28 3 17 
20:39:3 129.82 0.00000000 0.00000000 0.00 0.00 0.00 80.00 0.00 28 3 17 
20:39:4 130.02 0.00000000 0.00000000 0.00 0.00 0.00 80.00 0.00 28 3 17 
20:39:4 130.23 0.00000000 0.00000000 0.00 0.00 0.00 80.00 0.00 28 3 17 
20:39:4 130.43 0.00000000 0.00000000 0.00 0.00 0.00 80.00 0.00 28 3 17 
20:39:4 130.63 0.00000000 0.00000000 0.00 0.00 0.00 80.00 0.00 28 3 17 
20:39:4 130.83 0.00000000 0.00000000 0.00 0.00 0.00 80.00 0.00 28 3 17 
20:39:5 131.03 0.00000000 0.00000000 0.00 0.00 0.00 80.00 0.00 28 3 17 
20:39:5 131.23 0.00000000 0.00000000 0.00 0.00 0.00 80.00 0.00 28 3 17 
20:39:5 131.43 0.00000000 0.00000000 0.00 0.00 0.00 80.00 0.00 28 3 17 
20:39:5 131.63 0.00000000 0.00000000 0.00 0.00 0.00 80.00 0.00 28 3 17 
20:39:5 131.83 0.00000000 0.00000000 0.00 0.00 0.00 80.00 0.00 28 3 17 
20:39:6 132.03 0.00000000 0.00000000 0.00 0.00 0.00 80.00 0.00 28 3 17 
20:39:6 132.23 0.00000000 0.00000000 0.00 0.00 0.00 80.00 0.00 28 3 17 
20:39:6 132.43 0.00000000 0.00000000 0.00 0.00 0.00 80.00 0.00 28 3 17 
20:39:6 132.63 0.00000000 0.00000000 0.00 0.00 0.00 80.00 0.00 28 3 17 
20:39:6 132.83 0.00000000 0.00000000 0.00 0.00 0.00 80.00 0.00 28 3 17 
20:39:7 133.04 0.00000000 0.00000000 0.00 0.00 0.00 80.00 0.00 28 3 17 
20:39:7 133.24 0.00000000 0.00000000 0.00 0.00 0.00 80.00 0.00 28 3 17 
20:39:7 133.44 0.00000000 0.00000000 0.00 0.00 0.00 80.00 0.00 28 3 17 
20:39:7 133.64 0.00000000 0.00000000 0.00 0.00 0.00 79.00 0.00 28 3 17 
20:39:7 133.84 0.00000000 0.00000000 0.00 0.00 0.00 80.00 0.00 28 3 17 
20:39:8 134.04 0.00000000 0.00000000 0.00 0.00 0.00 80.00 0.00 28 3 17 
20:39:8 134.24 0.00000000 0.00000000 0.00 0.00 0.00 80.00 0.00 28 3 17 
20:39:8 134.44 0.00000000 0.00000000 0.00 0.00 0.00 80.00 0.00 28 3 17 
20:39:8 134.64 0.00000000 0.00000000 0.00 0.00 0.00 80.00 0.00 28 3 17 
20:39:8 134.84 0.00000000 0.00000000 0.00 0.00 0.00 80.00 0.00 28 3 17 
20:39:9 135.04 0.00000000 0.00000000 0.00 0.00 0.00 80.00 0.00 28 3 17 
20:39:9 135.24 0.00000000 0.00000000 0.00 0.00 0.00 80.00 0.00 28 3 17 
20:39:9 135.44 0.00000000 0.00000000 0.00 0.00 0.00 80.00 0.00 28 3 17 
20:39:9 135.64 0.00000000 0.00000000 0.00 0.00 0.00 80.00 0.00 28 3 17 
20:39:9 135.84 0.00000000 0.00000000 0.00 0.00 0.00 80.00 0.00 28 3 17 
20:39:10 136.04 0.00000000 0.00000000 0.00 0.00 0.00 80.00 0.00 28 3 17 
20:39:10 136.25 0.00000000 0.00000000 0.00 0.00 0.00 80.00 0.00 28 3 17 
20:39:10 136.45 0.00000000 0.00000000 0.00 0.00 0.00 80.00 0.00 28 3 17 
20:39:10 136.65 0.00000000 0.00000000 0.00 0.00 0.00 80.00 0.00 28 3 17 
20:39:10 136.85 0.00000000 0.00000000 0.00 0.00 0.00 80.00 0.00 28 3 17 
20:39:11 137.05 0.00000000 0.00000000 0.00 0.00 0.00 80.00 0.00 28 3 17 
20:39:11 137.25 0.00000000 0.00000000 0.00 0.00 0.00 80.00 0.00 28 3 17 
20:39:11 137.45 0.00000000 0.00000000 0.00 0.00 0.00 79.00 0.00 28 3 17 
20:39:11 137.65 0.00000000 0.00000000 0.00 0.00 0.00 80.00 0.00 28 3 17 
20:39:11 137.85 0.00000000 0.00000000 0.00 0.00 0.00 79.00 0.00 28 3 17 
20:39:12 138.05 0.00000000 0.00000000 0.00 0.00 0.00 80.00 0.00 28 3 17 
20:39:12 138.25 0.00000000 0.00000000 0.00 0.00 0.00 80.00 0.00 28 3 17 
20:39:12 138.45 0.00000000 0.00000000 0.00 0.00 0.00 79.00 0.00 28 3 17 
20:39:12 138.65 0.00000000 0.00000000 0.00 0.00 0.00 80.00 0.00 28 3 17 
20:39:12 138.85 0.00000000 0.00000000 0.00 0.00 0.00 80.00 0.00 28 3 17 
20:39:13 139.05 0.00000000 0.00000000 0.00 0.00 0.00 80.00 0.00 28 3 17 
20:39:13 139.26 0.00000000 0.00000000 0.00 0.00 0.00 80.00 0.00 28 3 17 
20:39:13 139.46 0.00000000 0.00000000 0.00 0.00 0.00 79.00 0.00 28 3 17 
20:39:13 139.66 0.00000000 0.00000000 0.00 0.00 0.00 80.00 0.00 28 3 17 
20:39:13 139.86 0.00000000 0.00000000 0.00 0.00 0.00 80.00 0.00 28 3 17 
20:39:14 140.06 0.00000000 0.00000000 0.00 0.00 0.00 80.00 0.00 28 3 17 
20:39:14 140.26 0.00000000 0.00000000 0.00 0.00 0.00 80.00 0.00 28 3 17 
20:39:14 140.46 0.00000000 0.00000000 0.00 0.00 0.00 80.00 0.00 28 3 17 
20:39:14 140.66 0.00000000 0.00000000 0.00 0.00 0.00 80.00 0.00 28 3 17 
20:39:14 140.86 0.00000000 0.00000000 0.00 0.00 0.00 80.00 0.00 28 3 17 
20:39:15 141.06 0.00000000 0.00000000 0.00 0.00 0.00 80.00 0.00 28 3 17 
20:39:15 141.26 0.00000000 0.00000000 0.00 0.00 0.00 80.00 0.00 28 3 17 
20:39:15 141.46 0.00000000 0.00000000 0.00 0.00 0.00 80.00 0.00 28 3 17 
20:39:15 141.66 0.00000000 0.00000000 0.00 0.00 0.00 80.00 0.00 28 3 17 
20:39:15 141.86 0.00000000 0.00000000 0.00 0.00 0.00 80.00 0.00 28 3 17 
20:39:16 142.06 0.00000000 0.00000000 0.00 0.00 0.00 80.00 0.00 28 3 17 
20:39:16 142.26 0.00000000 0.00000000 0.00 0.00 0.00 80.00 0.00 28 3 17 
20:39:16 142.47 0.00000000 0.00000000 0.00 0.00 0.00 80.00 0.00 28 3 17 
20:39:16 142.67 0.00000000 0.00000000 0.00 0.00 0.00 80.00 0.00 28 3 17 
20:39:16 142.87 0.00000000 0.00000000 0.00 0.00 0.00 80.00 0.00 28 3 17 
20:39:17 143.07 0.00000000 0.00000000 0.00 0.00 0.00 80.00 0.00 28 3 17 
20:39:17 143.27 0.00000000 0.00000000 0.00 0.00 0.00 79.00 0.00 28 3 17 
20:39:17 143.47 0.00000000 0.00000000 0.00 0.00 0.00 80.00 0.00 28 3 17 
20:39:17 143.67 0.00000000 0.00000000 0.00 0.00 0.00 80.00 0.00 28 3 17 
20:39:17 143.87 0.00000000 0.00000000 0.00 0.00 0.00 79.00 0.00 28 3 17 
20:39:18 144.07 0.00000000 0.00000000 0.00 0.00 0.00 79.00 0.00 28 3 17 
20:39:18 144.27 0.00000000 0.00000000 0.00 0.00 0.00 79.00 0.00 28 3 17 
20:39:18 144.47 0.00000000 0.00000000 0.00 0.00 0.00 79.00 0.00 28 3 17 
20:39:18 144.67 0.00000000 0.00000000 0.00 0.00 0.00 80.00 0.00 28 3 17 
20:39:18 144.87 0.00000000 0.00000000 0.00 0.00 0.00 80.00 0.00 28 3 17 
20:39:19 145.07 0.00000000 0.00000000 0.00 0.00 0.00 80.00 0.00 28 3 17 
20:39:19 145.27 0.00000000 0.00000000 0.00 0.00 0.00 80.00 0.00 28 3 17 
20:39:19 145.48 0.00000000 0.00000000 0.00 0.00 0.00 80.00 0.00 28 3 17 
20:39:19 145.68 0.00000000 0.00000000 0.00 0.00 0.00 80.00 0.00 28 3 17 
20:39:19 145.88 0.00000000 0.00000000 0.00 0.00 0.00 80.00 0.00 28 3 17 
20:39:20 146.08 0.00000000 0.00000000 0.00 0.00 0.00 80.00 0.00 28 3 17 
20:39:20 146.28 0.00000000 0.00000000 0.00 0.00 0.00 80.00 0.00 28 3 17 
20:39:20 146.48 0.00000000 0.00000000 0.00 0.00 0.00 80.00 0.00 28 3 17 
20:39:20 146.68 0.00000000 0.00000000 0.00 0.00 0.00 80.00 0.00 28 3 17 
20:39:20 146.88 0.00000000 0.00000000 0.00 0.00 0.00 80.00 0.00 28 3 17 
20:39:21 147.08 0.00000000 0.00000000 0.00 0.00 0.00 80.00 0.00 28 3 17 
20:39:21 147.28 0.00000000 0.00000000 0.00 0.00 0.00 80.00 0.00 28 3 17 
20:39:21 147.48 0.00000000 0.00000000 0.00 0.00 0.00 80.00 0.00 28 3 17 
20:39:21 147.68 0.00000000 0.00000000 0.00 0.00 0.00 80.00 0.00 28 3 17 
20:39:21 147.88 0.00000000 0.00000000 0.00 0.00 0.00 80.00 0.00 28 3 17 
20:39:22 148.08 0.00000000 0.00000000 0.00 0.00 0.00 80.00 0.00 28 3 17 
20:39:22 148.29 0.00000000 0.00000000 0.00 0.00 0.00 80.00 0.00 28 3 17 
20:39:22 148.49 0.00000000 0.00000000 0.00 0.00 0.00 80.00 0.00 28 3 17 
20:39:22 148.69 0.00000000 0.00000000 0.00 0.00 0.00 79.00 0.00 28 3 17 
20:39:22 148.89 0.00000000 0.00000000 0.00 0.00 0.00 80.00 0.00 28 3 17 
20:39:23 149.09 0.00000000 0.00000000 0.00 0.00 0.00 80.00 0.00 28 3 17 
20:39:23 149.29 0.00000000 0.00000000 0.00 0.00 0.00 80.00 0.00 28 3 17 
20:39:23 149.49 0.00000000 0.00000000 0.00 0.00 0.00 79.00 0.00 28 3 17 
20:39:23 149.69 0.00000000 0.00000000 0.00 0.00 0.00 79.00 0.00 28 3 17 
20:39:23 149.89 0.00000000 0.00000000 0.00 0.00 0.00 79.00 0.00 28 3 17 
20:39:24 150.09 0.00000000 0.00000000 0.00 0.00 0.00 79.00 0.00 28 3 17 
20:39:24 150.29 0.00000000 0.00000000 0.00 0.00 0.00 80.00 0.00 28 3 17 
20:39:24 150.49 0.00000000 0.00000000 0.00 0.00 0.00 80.00 0.00 28 3 17 
20:39:24 150.69 0.00000000 0.00000000 0.00 0.00 0.00 80.00 0.00 28 3 17 
20:39:24 150.89 0.00000000 0.00000000 0.00 0.00 0.00 80.00 0.00 28 3 17 
20:39:25 151.09 0.00000000 0.00000000 0.00 0.00 0.00 80.00 0.00 28 3 17 
20:39:25 151.29 0.00000000 0.00000000 0.00 0.00 0.00 80.00 0.00 28 3 17 
20:39:25 151.50 0.00000000 0.00000000 0.00 0.00 0.00 80.00 0.00 28 3 17 
20:39:25 151.70 0.00000000 0.00000000 0.00 0.00 0.00 80.00 0.00 28 3 17 
20:39:25 151.90 0.00000000 0.00000000 0.00 0.00 0.00 80.00 0.00 28 3 17 
20:39:26 152.10 0.00000000 0.00000000 0.00 0.00 0.00 80.00 0.00 28 3 17 
20:39:26 152.30 0.00000000 0.00000000 0.00 0.00 0.00 80.00 0.00 28 3 17 
20:39:26 152.50 0.00000000 0.00000000 0.00 0.00 0.00 80.00 0.00 28 3 17 
20:39:26 152.70 0.00000000 0.00000000 0.00 0.00 0.00 80.00 0.00 28 3 17 
20:39:26 152.90 0.00000000 0.00000000 0.00 0.00 0.00 80.00 0.00 28 3 17 
20:39:27 153.10 0.00000000 0.00000000 0.00 0.00 0.00 80.00 0.00 28 3 17 
20:39:27 153.30 0.00000000 0.00000000 0.00 0.00 0.00 80.00 0.00 28 3 17 
20:39:27 153.50 0.00000000 0.00000000 0.00 0.00 0.00 80.00 0.00 28 3 17 
20:39:27 153.70 0.00000000 0.00000000 0.00 0.00 0.00 80.00 0.00 28 3 17 
20:39:27 153.90 0.00000000 0.00000000 0.00 0.00 0.00 80.00 0.00 28 3 17 
20:39:28 154.11 0.00000000 0.00000000 0.00 0.00 0.00 80.00 0.00 28 3 17 
20:39:28 154.31 0.00000000 0.00000000 0.00 0.00 0.00 80.00 0.00 28 3 17 
20:39:28 154.51 0.00000000 0.00000000 0.00 0.00 0.00 80.00 0.00 28 3 17 
20:39:28 154.71 0.00000000 0.00000000 0.00 0.00 0.00 80.00 0.00 28 3 17 
20:39:28 154.91 0.00000000 0.00000000 0.00 0.00 0.00 80.00 0.00 28 3 17 
20:39:29 155.11 0.00000000 0.00000000 0.00 0.00 0.00 80.00 0.00 28 3 17 
20:39:29 155.31 0.00000000 0.00000000 0.00 0.00 0.00 80.00 0.00 28 3 17 
20:39:29 155.51 0.00000000 0.00000000 0.00 0.00 0.00 80.00 0.00 28 3 17 
20:39:29 155.71 0.00000000 0.00000000 0.00 0.00 0.00 80.00 0.00 28 3 17 
20:39:29 155.91 0.00000000 0.00000000 0.00 0.00 0.00 80.00 0.00 28 3 17 
20:39:29 156.11 0.00000000 0.00000000 0.00 0.00 0.00 80.00 0.00 28 3 17 
20:39:29 156.31 0.00000000 0.00000000 0.00 0.00 0.00 80.00 0.00 28 3 17 
20:39:29 156.51 0.00000000 0.00000000 0.00 0.00 0.00 80.00 0.00 28 3 17 
20:39:29 156.72 0.00000000 0.00000000 0.00 0.00 0.00 80.00 0.00 28 3 17 
20:39:29 156.92 0.00000000 0.00000000 0.00 0.00 0.00 80.00 0.00 28 3 17 
20:39:29 157.12 0.00000000 0.00000000 0.00 0.00 0.00 80.00 0.00 28 3 17 
20:39:29 157.32 0.00000000 0.00000000 0.00 0.00 0.00 80.00 0.00 28 3 17 
20:39:29 157.52 0.00000000 0.00000000 0.00 0.00 0.00 80.00 0.00 28 3 17 
20:39:29 157.72 0.00000000 0.00000000 0.00 0.00 0.00 80.00 0.00 28 3 17 
20:39:29 157.92 0.00000000 0.00000000 0.00 0.00 0.00 80.00 0.00 28 3 17 
20:39:29 158.12 0.00000000 0.00000000 0.00 0.00 0.00 80.00 0.00 28 3 17 
20:39:29 158.32 0.00000000 0.00000000 0.00 0.00 0.00 80.00 0.00 28 3 17 
20:39:29 158.52 0.00000000 0.00000000 0.00 0.00 0.00 80.00 0.00 28 3 17 
20:39:29 158.72 0.00000000 0.00000000 0.00 0.00 0.00 80.00 0.00 28 3 17 
20:39:29 158.92 0.00000000 0.00000000 0.00 0.00 0.00 80.00 0.00 28 3 17 
20:39:29 159.13 0.00000000 0.00000000 0.00 0.00 0.00 80.00 0.00 28 3 17 
20:39:29 159.33 0.00000000 0.00000000 0.00 0.00 0.00 80.00 0.00 28 3 17 
20:39:29 159.53 0.00000000 0.00000000 0.00 0.00 0.00 80.00 0.00 28 3 17 
20:39:29 159.73 0.00000000 0.00000000 0.00 0.00 0.00 81.00 0.00 28 3 17 
20:39:29 159.93 0.00000000 0.00000000 0.00 0.00 0.00 80.00 0.00 28 3 17 
20:39:29 160.13 0.00000000 0.00000000 0.00 0.00 0.00 80.00 0.00 28 3 17 
20:39:29 160.33 0.00000000 0.00000000 0.00 0.00 0.00 80.00 0.00 28 3 17 
20:39:29 160.53 0.00000000 0.00000000 0.00 0.00 0.00 79.00 0.00 28 3 17 
20:39:29 160.73 0.00000000 0.00000000 0.00 0.00 0.00 80.00 0.00 28 3 17 
20:39:29 160.93 0.00000000 0.00000000 0.00 0.00 0.00 80.00 0.00 28 3 17 
20:39:29 161.13 0.00000000 0.00000000 0.00 0.00 0.00 80.00 0.00 28 3 17 
20:39:29 161.34 0.00000000 0.00000000 0.00 0.00 0.00 80.00 0.00 28 3 17 
20:39:29 161.54 0.00000000 0.00000000 0.00 0.00 0.00 80.00 0.00 28 3 17 
20:39:29 161.74 0.00000000 0.00000000 0.00 0.00 0.00 80.00 0.00 28 3 17 
20:39:29 161.94 0.00000000 0.00000000 0.00 0.00 0.00 80.00 0.00 28 3 17 
20:39:29 162.14 0.00000000 0.00000000 0.00 0.00 0.00 80.00 0.00 28 3 17 
20:39:29 162.34 0.00000000 0.00000000 0.00 0.00 0.00 80.00 0.00 28 3 17 
20:39:29 162.54 0.00000000 0.00000000 0.00 0.00 0.00 79.00 0.00 28 3 17 
20:39:29 162.74 0.00000000 0.00000000 0.00 0.00 0.00 80.00 0.00 28 3 17 
20:39:29 162.94 0.00000000 0.00000000 0.00 0.00 0.00 79.00 0.00 28 3 17 
20:39:37 163.15 0.00000000 0.00000000 0.00 0.00 0.00 80.00 0.00 28 3 17 
20:39:37 163.35 0.00000000 0.00000000 0.00 0.00 0.00 80.00 0.00 28 3 17 
20:39:37 163.55 0.00000000 0.00000000 0.00 0.00 0.00 80.00 0.00 28 3 17 
20:39:37 163.75 0.00000000 0.00000000 0.00 0.00 0.00 80.00 0.00 28 3 17 
20:39:37 163.95 0.00000000 0.00000000 0.00 0.00 0.00 80.00 0.00 28 3 17 
20:39:38 164.15 0.00000000 0.00000000 0.00 0.00 0.00 80.00 0.00 28 3 17 
20:39:38 164.35 0.00000000 0.00000000 0.00 0.00 0.00 80.00 0.00 28 3 17 
20:39:38 164.55 0.00000000 0.00000000 0.00 0.00 0.00 80.00 0.00 28 3 17 
20:39:38 164.75 0.00000000 0.00000000 0.00 0.00 0.00 80.00 0.00 28 3 17 
20:39:38 164.95 0.00000000 0.00000000 0.00 0.00 0.00 80.00 0.00 28 3 17 
20:39:39 165.15 0.00000000 0.00000000 0.00 0.00 0.00 80.00 0.00 28 3 17 
20:39:39 165.36 0.00000000 0.00000000 0.00 0.00 0.00 80.00 0.00 28 3 17 
20:39:39 165.56 0.00000000 0.00000000 0.00 0.00 0.00 80.00 0.00 28 3 17 
20:39:39 165.76 0.00000000 0.00000000 0.00 0.00 0.00 79.00 0.00 28 3 17 
20:39:39 165.96 0.00000000 0.00000000 0.00 0.00 0.00 80.00 0.00 28 3 17 
20:39:40 166.16 0.00000000 0.00000000 0.00 0.00 0.00 80.00 0.00 28 3 17 
20:39:40 166.36 0.00000000 0.00000000 0.00 0.00 0.00 80.00 0.00 28 3 17 
20:39:40 166.56 0.00000000 0.00000000 0.00 0.00 0.00 80.00 0.00 28 3 17 
20:39:40 166.76 0.00000000 0.00000000 0.00 0.00 0.00 80.00 0.00 28 3 17 
20:39:41 166.97 0.00000000 0.00000000 0.00 0.00 0.00 80.00 0.00 28 3 17 
20:39:41 167.17 0.00000000 0.00000000 0.00 0.00 0.00 80.00 0.00 28 3 17 
20:39:41 167.37 0.00000000 0.00000000 0.00 0.00 0.00 80.00 0.00 28 3 17 
20:39:41 167.57 0.00000000 0.00000000 0.00 0.00 0.00 80.00 0.00 28 3 17 
20:39:41 167.77 0.00000000 0.00000000 0.00 0.00 0.00 80.00 0.00 28 3 17 
20:39:42 167.97 0.00000000 0.00000000 0.00 0.00 0.00 80.00 0.00 28 3 17 
20:39:42 168.17 0.00000000 0.00000000 0.00 0.00 0.00 79.00 0.00 28 3 17 
20:39:42 168.38 0.00000000 0.00000000 0.00 0.00 0.00 80.00 0.00 28 3 17 
20:39:42 168.58 0.00000000 0.00000000 0.00 0.00 0.00 80.00 0.00 28 3 17 
20:39:42 168.78 0.00000000 0.00000000 0.00 0.00 0.00 80.00 0.00 28 3 17 
20:39:43 168.98 0.00000000 0.00000000 0.00 0.00 0.00 80.00 0.00 28 3 17 
20:39:43 169.18 0.00000000 0.00000000 0.00 0.00 0.00 80.00 0.00 28 3 17 
20:39:43 169.38 0.00000000 0.00000000 0.00 0.00 0.00 80.00 0.00 28 3 17 
20:39:43 169.58 0.00000000 0.00000000 0.00 0.00 0.00 80.00 0.00 28 3 17 
20:39:43 169.78 0.00000000 0.00000000 0.00 0.00 0.00 80.00 0.00 28 3 17 
20:39:44 169.98 0.00000000 0.00000000 0.00 0.00 0.00 80.00 0.00 28 3 17 
20:39:44 170.18 0.00000000 0.00000000 0.00 0.00 0.00 80.00 0.00 28 3 17 
20:39:44 170.38 0.00000000 0.00000000 0.00 0.00 0.00 80.00 0.00 28 3 17 
20:39:44 170.58 0.00000000 0.00000000 0.00 0.00 0.00 80.00 0.00 28 3 17 
20:39:44 170.79 0.00000000 0.00000000 0.00 0.00 0.00 80.00 0.00 28 3 17 
20:39:45 170.99 0.00000000 0.00000000 0.00 0.00 0.00 80.00 0.00 28 3 17 
20:39:45 171.19 0.00000000 0.00000000 0.00 0.00 0.00 80.00 0.00 28 3 17 
20:39:45 171.39 0.00000000 0.00000000 0.00 0.00 0.00 80.00 0.00 28 3 17 
20:39:45 171.59 0.00000000 0.00000000 0.00 0.00 0.00 79.00 0.00 28 3 17 
20:39:45 171.79 0.00000000 0.00000000 0.00 0.00 0.00 80.00 0.00 28 3 17 
20:39:46 171.99 0.00000000 0.00000000 0.00 0.00 0.00 80.00 0.00 28 3 17 
20:39:46 172.19 0.00000000 0.00000000 0.00 0.00 0.00 80.00 0.00 28 3 17 
20:39:46 172.40 0.00000000 0.00000000 0.00 0.00 0.00 80.00 0.00 28 3 17 
20:39:46 172.60 0.00000000 0.00000000 0.00 0.00 0.00 80.00 0.00 28 3 17 
20:39:46 172.80 0.00000000 0.00000000 0.00 0.00 0.00 80.00 0.00 28 3 17 
20:39:47 173.00 0.00000000 0.00000000 0.00 0.00 0.00 80.00 0.00 28 3 17 
20:39:47 173.20 0.00000000 0.00000000 0.00 0.00 0.00 80.00 0.00 28 3 17 
20:39:47 173.40 0.00000000 0.00000000 0.00 0.00 0.00 80.00 0.00 28 3 17 
20:39:47 173.60 0.00000000 0.00000000 0.00 0.00 0.00 80.00 0.00 28 3 17 
20:39:47 173.80 0.00000000 0.00000000 0.00 0.00 0.00 80.00 0.00 28 3 17 
20:39:48 174.00 0.00000000 0.00000000 0.00 0.00 0.00 80.00 0.00 28 3 17 
20:39:48 174.20 0.00000000 0.00000000 0.00 0.00 0.00 80.00 0.00 28 3 17 
20:39:48 174.40 0.00000000 0.00000000 0.00 0.00 0.00 80.00 0.00 28 3 17 
20:39:48 174.60 0.00000000 0.00000000 0.00 0.00 0.00 80.00 0.00 28 3 17 
20:39:48 174.81 0.00000000 0.00000000 0.00 0.00 0.00 80.00 0.00 28 3 17 
20:39:48 175.01 0.00000000 0.00000000 0.00 0.00 0.00 79.00 0.00 28 3 17 
20:39:49 175.21 0.00000000 0.00000000 0.00 0.00 0.00 80.00 0.00 28 3 17 
20:39:49 175.41 0.00000000 0.00000000 0.00 0.00 0.00 79.00 0.00 28 3 17 
20:39:49 175.61 0.00000000 0.00000000 0.00 0.00 0.00 80.00 0.00 28 3 17 
20:39:49 175.81 0.00000000 0.00000000 0.00 0.00 0.00 80.00 0.00 28 3 17 
20:39:49 176.01 0.00000000 0.00000000 0.00 0.00 0.00 79.00 0.00 28 3 17 
20:39:50 176.21 0.00000000 0.00000000 0.00 0.00 0.00 80.00 0.00 28 3 17 
20:39:50 176.41 0.00000000 0.00000000 0.00 0.00 0.00 80.00 0.00 28 3 17 
20:39:50 176.61 0.00000000 0.00000000 0.00 0.00 0.00 79.00 0.00 28 3 17 
20:39:50 176.81 0.00000000 0.00000000 0.00 0.00 0.00 80.00 0.00 28 3 17 
20:39:50 177.01 0.00000000 0.00000000 0.00 0.00 0.00 80.00 0.00 28 3 17 
20:39:51 177.22 0.00000000 0.00000000 0.00 0.00 0.00 80.00 0.00 28 3 17 
20:39:51 177.42 0.00000000 0.00000000 0.00 0.00 0.00 80.00 0.00 28 3 17 
20:39:51 177.62 0.00000000 0.00000000 0.00 0.00 0.00 80.00 0.00 28 3 17 
20:39:51 177.82 0.00000000 0.00000000 0.00 0.00 0.00 80.00 0.00 28 3 17 
20:39:51 178.02 0.00000000 0.00000000 0.00 0.00 0.00 80.00 0.00 28 3 17 
20:39:52 178.22 0.00000000 0.00000000 0.00 0.00 0.00 80.00 0.00 28 3 17 
20:39:52 178.42 0.00000000 0.00000000 0.00 0.00 0.00 80.00 0.00 28 3 17 
20:39:52 178.62 0.00000000 0.00000000 0.00 0.00 0.00 80.00 0.00 28 3 17 
20:39:52 178.82 0.00000000 0.00000000 0.00 0.00 0.00 80.00 0.00 28 3 17 
20:39:52 179.02 0.00000000 0.00000000 0.00 0.00 0.00 80.00 0.00 28 3 17 
20:39:53 179.22 0.00000000 0.00000000 0.00 0.00 0.00 80.00 0.00 28 3 17 
20:39:53 179.42 0.00000000 0.00000000 0.00 0.00 0.00 80.00 0.00 28 3 17 
20:39:53 179.62 0.00000000 0.00000000 0.00 0.00 0.00 80.00 0.00 28 3 17 
20:39:53 179.82 0.00000000 0.00000000 0.00 0.00 0.00 80.00 0.00 28 3 17 
20:39:53 180.02 0.00000000 0.00000000 0.00 0.00 0.00 79.00 0.00 28 3 17 
20:39:54 180.23 0.00000000 0.00000000 0.00 0.00 0.00 79.00 0.00 28 3 17 
20:39:54 180.43 0.00000000 0.00000000 0.00 0.00 0.00 80.00 0.00 28 3 17 
20:39:54 180.63 0.00000000 0.00000000 0.00 0.00 0.00 80.00 0.00 28 3 17 
20:39:54 180.83 0.00000000 0.00000000 0.00 0.00 0.00 80.00 0.00 28 3 17 
20:39:54 181.03 0.00000000 0.00000000 0.00 0.00 0.00 80.00 0.00 28 3 17 
20:39:55 181.23 0.00000000 0.00000000 0.00 0.00 0.00 80.00 0.00 28 3 17 
20:39:55 181.43 0.00000000 0.00000000 0.00 0.00 0.00 80.00 0.00 28 3 17 
20:39:55 181.63 0.00000000 0.00000000 0.00 0.00 0.00 80.00 0.00 28 3 17 
20:39:55 181.83 0.00000000 0.00000000 0.00 0.00 0.00 80.00 0.00 28 3 17 
20:39:55 182.03 0.00000000 0.00000000 0.00 0.00 0.00 80.00 0.00 28 3 17 
20:39:56 182.23 0.00000000 0.00000000 0.00 0.00 0.00 80.00 0.00 28 3 17 
20:39:56 182.43 0.00000000 0.00000000 0.00 0.00 0.00 80.00 0.00 28 3 17 
20:39:56 182.63 0.00000000 0.00000000 0.00 0.00 0.00 80.00 0.00 28 3 17 
20:39:56 182.83 0.00000000 0.00000000 0.00 0.00 0.00 80.00 0.00 28 3 17 
20:39:56 183.04 0.00000000 0.00000000 0.00 0.00 0.00 80.00 0.00 28 3 17 
20:39:57 183.24 0.00000000 0.00000000 0.00 0.00 0.00 80.00 0.00 28 3 17 
20:39:57 183.44 0.00000000 0.00000000 0.00 0.00 0.00 80.00 0.00 28 3 17 
20:39:57 183.64 0.00000000 0.00000000 0.00 0.00 0.00 80.00 0.00 28 3 17 
20:39:57 183.84 0.00000000 0.00000000 0.00 0.00 0.00 80.00 0.00 28 3 17 
20:39:57 184.04 0.00000000 0.00000000 0.00 0.00 0.00 80.00 0.00 28 3 17 
20:39:58 184.24 0.00000000 0.00000000 0.00 0.00 0.00 80.00 0.00 28 3 17 
20:39:58 184.44 0.00000000 0.00000000 0.00 0.00 0.00 79.00 0.00 28 3 17 
20:39:58 184.64 0.00000000 0.00000000 0.00 0.00 0.00 80.00 0.00 28 3 17 
20:39:58 184.84 0.00000000 0.00000000 0.00 0.00 0.00 80.00 0.00 28 3 17 
20:39:58 185.04 0.00000000 0.00000000 0.00 0.00 0.00 80.00 0.00 28 3 17 
20:39:59 185.24 0.00000000 0.00000000 0.00 0.00 0.00 79.00 0.00 28 3 17 
20:39:59 185.44 0.00000000 0.00000000 0.00 0.00 0.00 79.00 0.00 28 3 17 
20:39:59 185.65 0.00000000 0.00000000 0.00 0.00 0.00 80.00 0.00 28 3 17 
20:39:59 185.85 0.00000000 0.00000000 0.00 0.00 0.00 80.00 0.00 28 3 17 
20:39:59 186.05 0.00000000 0.00000000 0.00 0.00 0.00 80.00 0.00 28 3 17 
20:40:0 186.25 0.00000000 0.00000000 0.00 0.00 0.00 80.00 0.00 28 3 17 
20:40:0 186.45 0.00000000 0.00000000 0.00 0.00 0.00 79.00 0.00 28 3 17 
20:40:0 186.65 0.00000000 0.00000000 0.00 0.00 0.00 79.00 0.00 28 3 17 
20:40:0 186.85 0.00000000 0.00000000 0.00 0.00 0.00 79.00 0.00 28 3 17 
20:40:0 187.05 0.00000000 0.00000000 0.00 0.00 0.00 80.00 0.00 28 3 17 
20:40:1 187.25 0.00000000 0.00000000 0.00 0.00 0.00 80.00 0.00 28 3 17 
20:40:1 187.45 0.00000000 0.00000000 0.00 0.00 0.00 80.00 0.00 28 3 17 
20:40:1 187.65 0.00000000 0.00000000 0.00 0.00 0.00 80.00 0.00 28 3 17 
20:40:1 187.85 0.00000000 0.00000000 0.00 0.00 0.00 80.00 0.00 28 3 17 
20:40:1 188.05 0.00000000 0.00000000 0.00 0.00 0.00 80.00 0.00 28 3 17 
20:40:2 188.25 0.00000000 0.00000000 0.00 0.00 0.00 80.00 0.00 28 3 17 
20:40:2 188.45 0.00000000 0.00000000 0.00 0.00 0.00 80.00 0.00 28 3 17 
20:40:2 188.65 0.00000000 0.00000000 0.00 0.00 0.00 80.00 0.00 28 3 17 
20:40:2 188.86 0.00000000 0.00000000 0.00 0.00 0.00 79.00 0.00 28 3 17 
20:40:2 189.06 0.00000000 0.00000000 0.00 0.00 0.00 80.00 0.00 28 3 17 
20:40:2 189.26 0.00000000 0.00000000 0.00 0.00 0.00 80.00 0.00 28 3 17 
20:40:2 189.46 0.00000000 0.00000000 0.00 0.00 0.00 80.00 0.00 28 3 17 
20:40:2 189.66 0.00000000 0.00000000 0.00 0.00 0.00 80.00 0.00 28 3 17 
20:40:2 189.86 0.00000000 0.00000000 0.00 0.00 0.00 80.00 0.00 28 3 17 
20:40:2 190.06 0.00000000 0.00000000 0.00 0.00 0.00 80.00 0.00 28 3 17 
20:40:2 190.26 0.00000000 0.00000000 0.00 0.00 0.00 80.00 0.00 28 3 17 
20:40:2 190.46 0.00000000 0.00000000 0.00 0.00 0.00 80.00 0.00 28 3 17 
20:40:2 190.66 0.00000000 0.00000000 0.00 0.00 0.00 80.00 0.00 28 3 17 
20:40:2 190.86 0.00000000 0.00000000 0.00 0.00 0.00 80.00 0.00 28 3 17 
20:40:2 191.06 0.00000000 0.00000000 0.00 0.00 0.00 79.00 0.00 28 3 17 
20:40:2 191.26 0.00000000 0.00000000 0.00 0.00 0.00 80.00 0.00 28 3 17 
20:40:2 191.47 0.00000000 0.00000000 0.00 0.00 0.00 79.00 0.00 28 3 17 
20:40:2 191.67 0.00000000 0.00000000 0.00 0.00 0.00 80.00 0.00 28 3 17 
20:40:2 191.87 0.00000000 0.00000000 0.00 0.00 0.00 80.00 0.00 28 3 17 
20:40:2 192.07 0.00000000 0.00000000 0.00 0.00 0.00 80.00 0.00 28 3 17 
20:40:2 192.27 0.00000000 0.00000000 0.00 0.00 0.00 80.00 0.00 28 3 17 
20:40:2 192.47 0.00000000 0.00000000 0.00 0.00 0.00 80.00 0.00 28 3 17 
20:40:2 192.67 0.00000000 0.00000000 0.00 0.00 0.00 80.00 0.00 28 3 17 
20:40:2 192.87 0.00000000 0.00000000 0.00 0.00 0.00 80.00 0.00 28 3 17 
20:40:2 193.07 0.00000000 0.00000000 0.00 0.00 0.00 80.00 0.00 28 3 17 
20:40:2 193.27 0.00000000 0.00000000 0.00 0.00 0.00 80.00 0.00 28 3 17 
20:40:2 193.47 0.00000000 0.00000000 0.00 0.00 0.00 80.00 0.00 28 3 17 
20:40:2 193.67 0.00000000 0.00000000 0.00 0.00 0.00 80.00 0.00 28 3 17 
20:40:2 193.88 0.00000000 0.00000000 0.00 0.00 0.00 80.00 0.00 28 3 17 
20:40:2 194.08 0.00000000 0.00000000 0.00 0.00 0.00 80.00 0.00 28 3 17 
20:40:2 194.28 0.00000000 0.00000000 0.00 0.00 0.00 80.00 0.00 28 3 17 
20:40:2 194.48 0.00000000 0.00000000 0.00 0.00 0.00 80.00 0.00 28 3 17 
20:40:2 194.68 0.00000000 0.00000000 0.00 0.00 0.00 80.00 0.00 28 3 17 
20:40:2 194.88 0.00000000 0.00000000 0.00 0.00 0.00 80.00 0.00 28 3 17 
20:40:2 195.08 0.00000000 0.00000000 0.00 0.00 0.00 80.00 0.00 28 3 17 
20:40:2 195.28 0.00000000 0.00000000 0.00 0.00 0.00 79.00 0.00 28 3 17 
20:40:2 195.48 0.00000000 0.00000000 0.00 0.00 0.00 80.00 0.00 28 3 17 
20:40:2 195.68 0.00000000 0.00000000 0.00 0.00 0.00 79.00 0.00 28 3 17 
20:40:2 195.88 0.00000000 0.00000000 0.00 0.00 0.00 80.00 0.00 28 3 17 
20:40:2 196.09 0.00000000 0.00000000 0.00 0.00 0.00 80.00 0.00 28 3 17 
20:40:2 196.29 0.00000000 0.00000000 0.00 0.00 0.00 80.00 0.00 28 3 17 
20:40:2 196.49 0.00000000 0.00000000 0.00 0.00 0.00 80.00 0.00 28 3 17 
20:40:2 196.69 0.00000000 0.00000000 0.00 0.00 0.00 80.00 0.00 28 3 17 
20:40:2 196.89 0.00000000 0.00000000 0.00 0.00 0.00 80.00 0.00 28 3 17 
20:40:2 197.09 0.00000000 0.00000000 0.00 0.00 0.00 80.00 0.00 28 3 17 
20:40:2 197.29 0.00000000 0.00000000 0.00 0.00 0.00 80.00 0.00 28 3 17 
20:40:2 197.49 0.00000000 0.00000000 0.00 0.00 0.00 80.00 0.00 28 3 17 
20:40:2 197.69 0.00000000 0.00000000 0.00 0.00 0.00 80.00 0.00 28 3 17 
20:40:2 197.89 0.00000000 0.00000000 0.00 0.00 0.00 80.00 0.00 28 3 17 
20:40:2 198.09 0.00000000 0.00000000 0.00 0.00 0.00 80.00 0.00 28 3 17 
20:40:2 198.29 0.00000000 0.00000000 0.00 0.00 0.00 80.00 0.00 28 3 17 
20:40:2 198.50 0.00000000 0.00000000 0.00 0.00 0.00 80.00 0.00 28 3 17 
20:40:2 198.70 0.00000000 0.00000000 0.00 0.00 0.00 80.00 0.00 28 3 17 
20:40:2 198.90 0.00000000 0.00000000 0.00 0.00 0.00 80.00 0.00 28 3 17 
20:40:2 199.10 0.00000000 0.00000000 0.00 0.00 0.00 80.00 0.00 28 3 17 
20:40:2 199.30 0.00000000 0.00000000 0.00 0.00 0.00 80.00 0.00 28 3 17 
20:40:2 199.50 0.00000000 0.00000000 0.00 0.00 0.00 79.00 0.00 28 3 17 
20:40:2 199.70 0.00000000 0.00000000 0.00 0.00 0.00 79.00 0.00 28 3 17 
20:40:2 199.90 0.00000000 0.00000000 0.00 0.00 0.00 80.00 0.00 28 3 17 
20:40:2 200.10 0.00000000 0.00000000 0.00 0.00 0.00 80.00 0.00 28 3 17 
20:40:14 200.30 0.00000000 0.00000000 0.00 0.00 0.00 80.00 0.00 28 3 17 
20:40:14 200.51 0.00000000 0.00000000 0.00 0.00 0.00 80.00 0.00 28 3 17 
20:40:14 200.71 0.00000000 0.00000000 0.00 0.00 0.00 80.00 0.00 28 3 17 
20:40:14 200.91 0.00000000 0.00000000 0.00 0.00 0.00 80.00 0.00 28 3 17 
20:40:15 201.11 0.00000000 0.00000000 0.00 0.00 0.00 79.00 0.00 28 3 17 
20:40:15 201.31 0.00000000 0.00000000 0.00 0.00 0.00 80.00 0.00 28 3 17 
20:40:15 201.52 0.00000000 0.00000000 0.00 0.00 0.00 80.00 0.00 28 3 17 
20:40:15 201.72 0.00000000 0.00000000 0.00 0.00 0.00 80.00 0.00 28 3 17 
20:40:15 201.92 0.00000000 0.00000000 0.00 0.00 0.00 80.00 0.00 28 3 17 
20:40:16 202.12 0.00000000 0.00000000 0.00 0.00 0.00 80.00 0.00 28 3 17 
20:40:16 202.32 0.00000000 0.00000000 0.00 0.00 0.00 80.00 0.00 28 3 17 
20:40:16 202.52 0.00000000 0.00000000 0.00 0.00 0.00 80.00 0.00 28 3 17 
20:40:16 202.72 0.00000000 0.00000000 0.00 0.00 0.00 80.00 0.00 28 3 17 
20:40:16 202.92 0.00000000 0.00000000 0.00 0.00 0.00 80.00 0.00 28 3 17 
20:40:17 203.13 0.00000000 0.00000000 0.00 0.00 0.00 80.00 0.00 28 3 17 
20:40:17 203.33 0.00000000 0.00000000 0.00 0.00 0.00 80.00 0.00 28 3 17 
20:40:17 203.53 0.00000000 0.00000000 0.00 0.00 0.00 80.00 0.00 28 3 17 
20:40:17 203.73 0.00000000 0.00000000 0.00 0.00 0.00 80.00 0.00 28 3 17 
20:40:17 203.93 0.00000000 0.00000000 0.00 0.00 0.00 80.00 0.00 28 3 17 
20:40:18 204.13 0.00000000 0.00000000 0.00 0.00 0.00 80.00 0.00 28 3 17 
20:40:18 204.33 0.00000000 0.00000000 0.00 0.00 0.00 80.00 0.00 28 3 17 
20:40:18 204.53 0.00000000 0.00000000 0.00 0.00 0.00 80.00 0.00 28 3 17 
20:40:18 204.73 0.00000000 0.00000000 0.00 0.00 0.00 80.00 0.00 28 3 17 
20:40:18 204.93 0.00000000 0.00000000 0.00 0.00 0.00 80.00 0.00 28 3 17 
20:40:19 205.13 0.00000000 0.00000000 0.00 0.00 0.00 80.00 0.00 28 3 17 
20:40:19 205.34 0.00000000 0.00000000 0.00 0.00 0.00 80.00 0.00 28 3 17 
20:40:19 205.54 0.00000000 0.00000000 0.00 0.00 0.00 80.00 0.00 28 3 17 
20:40:19 205.74 0.00000000 0.00000000 0.00 0.00 0.00 80.00 0.00 28 3 17 
20:40:19 205.94 0.00000000 0.00000000 0.00 0.00 0.00 80.00 0.00 28 3 17 
20:40:20 206.14 0.00000000 0.00000000 0.00 0.00 0.00 80.00 0.00 28 3 17 
20:40:20 206.34 0.00000000 0.00000000 0.00 0.00 0.00 79.00 0.00 28 3 17 
20:40:20 206.54 0.00000000 0.00000000 0.00 0.00 0.00 79.00 0.00 28 3 17 
20:40:20 206.74 0.00000000 0.00000000 0.00 0.00 0.00 79.00 0.00 28 3 17 
20:40:20 206.94 0.00000000 0.00000000 0.00 0.00 0.00 80.00 0.00 28 3 17 
20:40:21 207.14 0.00000000 0.00000000 0.00 0.00 0.00 80.00 0.00 28 3 17 
20:40:21 207.34 0.00000000 0.00000000 0.00 0.00 0.00 80.00 0.00 28 3 17 
20:40:21 207.54 0.00000000 0.00000000 0.00 0.00 0.00 80.00 0.00 28 3 17 
20:40:21 207.75 0.00000000 0.00000000 0.00 0.00 0.00 80.00 0.00 28 3 17 
20:40:21 207.95 0.00000000 0.00000000 0.00 0.00 0.00 80.00 0.00 28 3 17 
20:40:22 208.15 0.00000000 0.00000000 0.00 0.00 0.00 80.00 0.00 28 3 17 
20:40:22 208.35 0.00000000 0.00000000 0.00 0.00 0.00 80.00 0.00 28 3 17 
20:40:22 208.55 0.00000000 0.00000000 0.00 0.00 0.00 80.00 0.00 28 3 17 
20:40:22 208.75 0.00000000 0.00000000 0.00 0.00 0.00 79.00 0.00 28 3 17 
20:40:22 208.95 0.00000000 0.00000000 0.00 0.00 0.00 80.00 0.00 28 3 17 
20:40:23 209.15 0.00000000 0.00000000 0.00 0.00 0.00 80.00 0.00 28 3 17 
20:40:23 209.35 0.00000000 0.00000000 0.00 0.00 0.00 80.00 0.00 28 3 17 
20:40:23 209.55 0.00000000 0.00000000 0.00 0.00 0.00 80.00 0.00 28 3 17 
20:40:23 209.75 0.00000000 0.00000000 0.00 0.00 0.00 80.00 0.00 28 3 17 
20:40:23 209.95 0.00000000 0.00000000 0.00 0.00 0.00 80.00 0.00 28 3 17 
20:40:24 210.16 0.00000000 0.00000000 0.00 0.00 0.00 79.00 0.00 28 3 17 
20:40:24 210.36 0.00000000 0.00000000 0.00 0.00 0.00 80.00 0.00 28 3 17 
20:40:24 210.56 0.00000000 0.00000000 0.00 0.00 0.00 80.00 0.00 28 3 17 
20:40:24 210.76 0.00000000 0.00000000 0.00 0.00 0.00 80.00 0.00 28 3 17 
20:40:24 210.96 0.00000000 0.00000000 0.00 0.00 0.00 80.00 0.00 28 3 17 
20:40:25 211.16 0.00000000 0.00000000 0.00 0.00 0.00 80.00 0.00 28 3 17 
20:40:25 211.36 0.00000000 0.00000000 0.00 0.00 0.00 80.00 0.00 28 3 17 
20:40:25 211.56 0.00000000 0.00000000 0.00 0.00 0.00 80.00 0.00 28 3 17 
20:40:25 211.76 0.00000000 0.00000000 0.00 0.00 0.00 80.00 0.00 28 3 17 
20:40:25 211.97 0.00000000 0.00000000 0.00 0.00 0.00 80.00 0.00 28 3 17 
20:40:26 212.17 0.00000000 0.00000000 0.00 0.00 0.00 80.00 0.00 28 3 17 
20:40:26 212.37 0.00000000 0.00000000 0.00 0.00 0.00 80.00 0.00 28 3 17 
20:40:26 212.57 0.00000000 0.00000000 0.00 0.00 0.00 80.00 0.00 28 3 17 
20:40:26 212.77 0.00000000 0.00000000 0.00 0.00 0.00 80.00 0.00 28 3 17 
20:40:26 212.97 0.00000000 0.00000000 0.00 0.00 0.00 80.00 0.00 28 3 17 
20:40:27 213.17 0.00000000 0.00000000 0.00 0.00 0.00 80.00 0.00 28 3 17 
20:40:27 213.37 0.00000000 0.00000000 0.00 0.00 0.00 80.00 0.00 28 3 17 
20:40:27 213.57 0.00000000 0.00000000 0.00 0.00 0.00 80.00 0.00 28 3 17 
20:40:27 213.77 0.00000000 0.00000000 0.00 0.00 0.00 80.00 0.00 28 3 17 
20:40:27 213.97 0.00000000 0.00000000 0.00 0.00 0.00 80.00 0.00 28 3 17 
20:40:28 214.17 0.00000000 0.00000000 0.00 0.00 0.00 80.00 0.00 28 3 17 
20:40:28 214.38 0.00000000 0.00000000 0.00 0.00 0.00 80.00 0.00 28 3 17 
20:40:28 214.58 0.00000000 0.00000000 0.00 0.00 0.00 80.00 0.00 28 3 17 
20:40:28 214.78 0.00000000 0.00000000 0.00 0.00 0.00 80.00 0.00 28 3 17 
20:40:28 214.98 0.00000000 0.00000000 0.00 0.00 0.00 80.00 0.00 28 3 17 
20:40:29 215.18 0.00000000 0.00000000 0.00 0.00 0.00 80.00 0.00 28 3 17 
20:40:29 215.38 0.00000000 0.00000000 0.00 0.00 0.00 80.00 0.00 28 3 17 
20:40:29 215.58 0.00000000 0.00000000 0.00 0.00 0.00 80.00 0.00 28 3 17 
20:40:29 215.78 0.00000000 0.00000000 0.00 0.00 0.00 79.00 0.00 28 3 17 
20:40:29 215.98 0.00000000 0.00000000 0.00 0.00 0.00 80.00 0.00 28 3 17 
20:40:30 216.18 0.00000000 0.00000000 0.00 0.00 0.00 80.00 0.00 28 3 17 
20:40:30 216.38 0.00000000 0.00000000 0.00 0.00 0.00 80.00 0.00 28 3 17 
20:40:30 216.58 0.00000000 0.00000000 0.00 0.00 0.00 80.00 0.00 28 3 17 
20:40:30 216.78 0.00000000 0.00000000 0.00 0.00 0.00 80.00 0.00 28 3 17 
20:40:30 216.98 0.00000000 0.00000000 0.00 0.00 0.00 80.00 0.00 28 3 17 
20:40:31 217.18 0.00000000 0.00000000 0.00 0.00 0.00 80.00 0.00 28 3 17 
20:40:31 217.38 0.00000000 0.00000000 0.00 0.00 0.00 80.00 0.00 28 3 17 
20:40:31 217.59 0.00000000 0.00000000 0.00 0.00 0.00 80.00 0.00 28 3 17 
20:40:31 217.79 0.00000000 0.00000000 0.00 0.00 0.00 80.00 0.00 28 3 17 
20:40:31 217.99 0.00000000 0.00000000 0.00 0.00 0.00 80.00 0.00 28 3 17 
20:40:32 218.19 0.00000000 0.00000000 0.00 0.00 0.00 79.00 0.00 28 3 17 
20:40:32 218.39 0.00000000 0.00000000 0.00 0.00 0.00 80.00 0.00 28 3 17 
20:40:32 218.59 0.00000000 0.00000000 0.00 0.00 0.00 80.00 0.00 28 3 17 
20:40:32 218.79 0.00000000 0.00000000 0.00 0.00 0.00 79.00 0.00 28 3 17 
20:40:32 218.99 0.00000000 0.00000000 0.00 0.00 0.00 80.00 0.00 28 3 17 
20:40:33 219.19 0.00000000 0.00000000 0.00 0.00 0.00 80.00 0.00 28 3 17 
20:40:33 219.39 0.00000000 0.00000000 0.00 0.00 0.00 80.00 0.00 28 3 17 
20:40:33 219.59 0.00000000 0.00000000 0.00 0.00 0.00 80.00 0.00 28 3 17 
20:40:33 219.79 0.00000000 0.00000000 0.00 0.00 0.00 80.00 0.00 28 3 17 
20:40:33 220.00 0.00000000 0.00000000 0.00 0.00 0.00 80.00 0.00 28 3 17 
20:40:34 220.20 0.00000000 0.00000000 0.00 0.00 0.00 80.00 0.00 28 3 17 
20:40:34 220.40 0.00000000 0.00000000 0.00 0.00 0.00 80.00 0.00 28 3 17 
20:40:34 220.60 0.00000000 0.00000000 0.00 0.00 0.00 80.00 0.00 28 3 17 
20:40:34 220.80 0.00000000 0.00000000 0.00 0.00 0.00 80.00 0.00 28 3 17 
20:40:34 221.00 0.00000000 0.00000000 0.00 0.00 0.00 80.00 0.00 28 3 17 
20:40:35 221.20 0.00000000 0.00000000 0.00 0.00 0.00 80.00 0.00 28 3 17 
20:40:35 221.40 0.00000000 0.00000000 0.00 0.00 0.00 80.00 0.00 28 3 17 
20:40:35 221.60 0.00000000 0.00000000 0.00 0.00 0.00 80.00 0.00 28 3 17 
20:40:35 221.80 0.00000000 0.00000000 0.00 0.00 0.00 80.00 0.00 28 3 17 
20:40:35 222.00 0.00000000 0.00000000 0.00 0.00 0.00 80.00 0.00 28 3 17 
20:40:36 222.20 0.00000000 0.00000000 0.00 0.00 0.00 80.00 0.00 28 3 17 
20:40:36 222.40 0.00000000 0.00000000 0.00 0.00 0.00 80.00 0.00 28 3 17 
20:40:36 222.60 0.00000000 0.00000000 0.00 0.00 0.00 80.00 0.00 28 3 17 
20:40:36 222.81 0.00000000 0.00000000 0.00 0.00 0.00 80.00 0.00 28 3 17 
