0:0:0 1.31 0.00000000 0.00000000 -99.00 -99.00 0.00 80.00 0.00 27.54 1010.47 44.37 0 0 17 
0:0:0 1.55 0.00000000 0.00000000 -99.00 -99.00 0.00 80.00 0.00 27.63 1010.46 44.31 0 0 17 
0:0:0 1.76 0.00000000 0.00000000 -99.00 -99.00 0.00 80.00 0.00 27.66 1010.44 44.28 0 0 17 
19:38:14 1.96 0.00000000 0.00000000 -99.00 -99.00 193815.48 80.00 0.00 27.68 1010.47 44.24 0 0 17 
19:38:15 2.16 0.00000000 0.00000000 -99.00 -99.00 193815.48 80.00 0.00 27.70 1010.48 44.21 9 5 17 
19:38:15 2.36 0.00000000 0.00000000 -99.00 -99.00 193815.48 80.00 0.00 27.70 1010.50 44.19 9 5 17 
19:38:15 2.56 0.00000000 0.00000000 -99.00 -99.00 193815.48 80.00 0.00 27.71 1010.45 44.15 9 5 17 
19:38:15 2.76 0.00000000 0.00000000 -99.00 -99.00 193815.48 80.00 0.00 27.72 1010.46 44.11 9 5 17 
19:38:16 2.96 0.00000000 0.00000000 -99.00 -99.00 193815.48 80.00 0.00 27.72 1010.44 44.09 9 5 17 
19:38:16 3.16 0.00000000 0.00000000 -99.00 -99.00 193815.48 80.00 0.00 27.73 1010.50 44.07 9 5 17 
19:38:16 3.37 0.00000000 0.00000000 -99.00 -99.00 193815.48 80.00 0.00 27.73 1010.44 44.04 9 5 17 
19:38:16 3.57 0.00000000 0.00000000 -99.00 -99.00 193815.48 80.00 0.00 27.74 1010.49 44.00 9 5 17 
19:38:16 3.77 0.00000000 0.00000000 -99.00 -99.00 193815.48 80.00 0.00 27.74 1010.50 43.97 9 5 17 
19:38:17 3.97 0.00000000 0.00000000 -99.00 -99.00 193815.48 80.00 0.00 27.74 1010.47 43.96 9 5 17 
19:38:17 4.17 0.00000000 0.00000000 -99.00 -99.00 193815.48 80.00 0.00 27.75 1010.48 43.95 9 5 17 
