0:0:0 0.78 0.00000000 0.00000000 -99.00 -99.00 0.00 80.00 0.00 23.59 1006.60 54.24 0 0 17 
0:0:0 0.98 0.00000000 0.00000000 -99.00 -99.00 0.00 80.00 0.00 23.64 1006.56 54.26 0 0 17 
20:56:11 1.18 0.00000000 0.00000000 -99.00 -99.00 0.00 80.00 0.00 23.67 1006.59 54.25 0 0 17 
20:56:11 1.38 0.00000000 0.00000000 -99.00 -99.00 0.00 80.00 0.00 23.67 1006.57 54.24 0 0 17 
20:56:11 1.59 0.00000000 0.00000000 -99.00 -99.00 0.00 80.00 0.00 23.68 1006.59 54.23 0 0 17 
20:56:11 1.79 0.00000000 0.00000000 -99.00 -99.00 0.00 80.00 0.00 23.69 1006.61 54.23 0 0 17 
20:56:11 1.99 0.00000000 0.00000000 -99.00 -99.00 0.00 80.00 0.00 23.69 1006.56 54.23 0 0 17 
20:56:11 2.19 0.00000000 0.00000000 -99.00 -99.00 0.00 80.00 0.00 23.69 1006.57 54.23 0 0 17 
20:56:11 2.39 0.00000000 0.00000000 -99.00 -99.00 0.00 80.00 0.00 23.69 1006.57 54.21 0 0 17 
20:56:11 2.59 0.00000000 0.00000000 -99.00 -99.00 0.00 80.00 0.00 23.69 1006.57 54.21 0 0 17 
20:56:11 2.79 0.00000000 0.00000000 -99.00 -99.00 0.00 80.00 0.00 23.69 1006.56 54.20 0 0 17 
20:56:11 2.99 0.00000000 0.00000000 -99.00 -99.00 0.00 79.00 0.00 23.69 1006.57 54.19 0 0 17 
20:56:12 3.20 0.00000000 0.00000000 -99.00 -99.00 0.00 80.00 0.00 23.69 1006.58 54.19 0 0 17 
20:56:12 3.40 0.00000000 0.00000000 -99.00 -99.00 0.00 80.00 0.00 23.70 1006.55 54.19 0 0 17 
20:56:12 3.60 0.00000000 0.00000000 -99.00 -99.00 0.00 80.00 0.00 23.69 1006.59 54.19 0 0 17 
20:56:12 3.80 0.00000000 0.00000000 -99.00 -99.00 0.00 80.00 0.00 23.69 1006.56 54.19 0 0 17 
20:56:12 4.00 0.00000000 0.00000000 -99.00 -99.00 0.00 80.00 0.00 23.69 1006.53 54.19 0 0 17 
