20:42:3 0.39 0.00000000 0.00000000 0.00 0.00 0.00 79.00 0.00 28 3 17 
20:42:3 0.59 0.00000000 0.00000000 0.00 0.00 0.00 79.00 0.00 28 3 17 
20:42:3 0.79 0.00000000 0.00000000 0.00 0.00 0.00 79.00 0.00 28 3 17 
20:42:3 0.99 0.00000000 0.00000000 0.00 0.00 0.00 80.00 0.00 28 3 17 
20:42:3 1.20 0.00000000 0.00000000 0.00 0.00 0.00 80.00 0.00 28 3 17 
20:42:4 1.40 0.00000000 0.00000000 0.00 0.00 0.00 79.00 0.00 28 3 17 
20:42:4 1.60 0.00000000 0.00000000 0.00 0.00 0.00 80.00 0.00 28 3 17 
20:42:4 1.80 0.00000000 0.00000000 0.00 0.00 0.00 80.00 0.00 28 3 17 
20:42:4 2.00 0.00000000 0.00000000 0.00 0.00 0.00 80.00 0.00 28 3 17 
20:42:4 2.20 0.00000000 0.00000000 0.00 0.00 0.00 80.00 0.00 28 3 17 
20:42:5 2.40 0.00000000 0.00000000 0.00 0.00 0.00 80.00 0.00 28 3 17 
20:42:5 2.60 0.00000000 0.00000000 0.00 0.00 0.00 79.00 0.00 28 3 17 
