0:0:0 0.76 0.00000000 0.00000000 0.00 0.00 0.00 80.00 0.00 0 0 0 
0:0:0 0.96 0.00000000 0.00000000 0.00 0.00 0.00 79.00 0.00 0 0 0 
20:28:8 1.16 0.00000000 0.00000000 0.00 0.00 0.00 79.00 0.00 14 12 16 
20:28:8 1.36 0.00000000 0.00000000 0.00 0.00 0.00 79.00 0.00 14 12 16 
20:28:8 1.56 0.00000000 0.00000000 0.00 0.00 0.00 79.00 0.00 14 12 16 
20:28:8 1.76 0.00000000 0.00000000 0.00 0.00 0.00 79.00 0.00 14 12 16 
20:28:8 1.96 0.00000000 0.00000000 0.00 0.00 0.00 80.00 0.00 14 12 16 
20:28:9 2.16 0.00000000 0.00000000 0.00 0.00 0.00 79.00 0.00 14 12 16 
20:28:9 2.37 0.00000000 0.00000000 0.00 0.00 0.00 80.00 0.00 14 12 16 
20:28:9 2.57 0.00000000 0.00000000 0.00 0.00 0.00 79.00 0.00 14 12 16 
20:28:9 2.77 0.00000000 0.00000000 0.00 0.00 0.00 79.00 0.00 14 12 16 
