20:40:49 0.38 0.00000000 0.00000000 0.00 0.00 0.00 79.00 0.00 28 3 17 
20:40:49 0.60 0.00000000 0.00000000 0.00 0.00 0.00 80.00 0.00 28 3 17 
20:40:49 0.80 0.00000000 0.00000000 0.00 0.00 0.00 80.00 0.00 28 3 17 
20:40:49 1.00 0.00000000 0.00000000 0.00 0.00 0.00 80.00 0.00 28 3 17 
20:40:49 1.20 0.00000000 0.00000000 0.00 0.00 0.00 80.00 0.00 28 3 17 
20:40:50 1.40 0.00000000 0.00000000 0.00 0.00 0.00 80.00 0.00 28 3 17 
20:40:50 1.60 0.00000000 0.00000000 0.00 0.00 0.00 79.00 0.00 28 3 17 
20:40:50 1.80 0.00000000 0.00000000 0.00 0.00 0.00 80.00 0.00 28 3 17 
20:40:50 2.01 0.00000000 0.00000000 0.00 0.00 0.00 79.00 0.00 28 3 17 
20:40:50 2.21 0.00000000 0.00000000 0.00 0.00 0.00 79.00 0.00 28 3 17 
20:40:51 2.41 0.00000000 0.00000000 0.00 0.00 0.00 80.00 0.00 28 3 17 
20:40:51 2.61 0.00000000 0.00000000 0.00 0.00 0.00 80.00 0.00 28 3 17 
20:40:51 2.81 0.00000000 0.00000000 0.00 0.00 0.00 80.00 0.00 28 3 17 
20:40:51 3.01 0.00000000 0.00000000 0.00 0.00 0.00 79.00 0.00 28 3 17 
20:40:51 3.21 0.00000000 0.00000000 0.00 0.00 0.00 80.00 0.00 28 3 17 
20:40:52 3.41 0.00000000 0.00000000 0.00 0.00 0.00 79.00 0.00 28 3 17 
20:40:52 3.62 0.00000000 0.00000000 0.00 0.00 0.00 79.00 0.00 28 3 17 
20:40:52 3.82 0.00000000 0.00000000 0.00 0.00 0.00 79.00 0.00 28 3 17 
