0:0:0 0.75 0.00000000 0.00000000 0.00 0.00 0.00 80.00 0.00 0 0 0 
0:0:0 0.95 0.00000000 0.00000000 0.00 0.00 0.00 80.00 0.00 0 0 0 
16:41:56 1.15 0.00000000 0.00000000 0.00 0.00 0.00 80.00 0.00 14 2 17 
16:41:56 1.36 0.00000000 0.00000000 0.00 0.00 0.00 80.00 0.00 14 2 17 
16:41:56 1.56 0.00000000 0.00000000 0.00 0.00 0.00 80.00 0.00 14 2 17 
16:41:56 1.76 0.00000000 0.00000000 0.00 0.00 0.00 80.00 0.00 14 2 17 
16:41:56 1.96 0.00000000 0.00000000 0.00 0.00 0.00 80.00 0.00 14 2 17 
16:41:57 2.16 0.00000000 0.00000000 0.00 0.00 0.00 80.00 0.00 14 2 17 
16:41:57 2.36 0.00000000 0.00000000 0.00 0.00 0.00 80.00 0.00 14 2 17 
16:41:57 2.56 0.00000000 0.00000000 0.00 0.00 0.00 80.00 0.00 14 2 17 
16:41:57 2.76 0.00000000 0.00000000 0.00 0.00 0.00 80.00 0.00 14 2 17 
16:41:57 2.96 0.00000000 0.00000000 0.00 0.00 0.00 80.00 0.00 14 2 17 
16:41:58 3.17 0.00000000 0.00000000 0.00 0.00 0.00 80.00 0.00 14 2 17 
16:41:58 3.37 0.00000000 0.00000000 0.00 0.00 0.00 80.00 0.00 14 2 17 
16:41:58 3.57 0.00000000 0.00000000 0.00 0.00 0.00 80.00 0.00 14 2 17 
16:41:58 3.77 0.00000000 0.00000000 0.00 0.00 0.00 80.00 0.00 14 2 17 
16:41:58 3.97 0.00000000 0.00000000 0.00 0.00 0.00 80.00 0.00 14 2 17 
16:41:59 4.17 0.00000000 0.00000000 0.00 0.00 0.00 80.00 0.00 14 2 17 
16:41:59 4.37 0.00000000 0.00000000 0.00 0.00 0.00 80.00 0.00 14 2 17 
16:41:59 4.57 0.00000000 0.00000000 0.00 0.00 0.00 80.00 0.00 14 2 17 
