0:0:0 0.41 0.00000000 0.00000000 0.00 0.00 0.00 80.00 0.00 0 0 0 
0:0:0 0.61 0.00000000 0.00000000 0.00 0.00 0.00 80.00 0.00 0 0 0 
20:42:24 0.81 0.00000000 0.00000000 0.00 0.00 0.00 80.00 0.00 28 3 17 
20:42:24 1.02 0.00000000 0.00000000 0.00 0.00 0.00 80.00 0.00 28 3 17 
20:42:24 1.22 0.00000000 0.00000000 0.00 0.00 0.00 80.00 0.00 28 3 17 
20:42:24 1.42 0.00000000 0.00000000 0.00 0.00 0.00 80.00 0.00 28 3 17 
20:42:24 1.62 0.00000000 0.00000000 0.00 0.00 0.00 80.00 0.00 28 3 17 
20:42:25 1.82 0.00000000 0.00000000 0.00 0.00 0.00 80.00 0.00 28 3 17 
20:42:25 2.02 0.00000000 0.00000000 0.00 0.00 0.00 79.00 0.00 28 3 17 
20:42:25 2.22 0.00000000 0.00000000 0.00 0.00 0.00 80.00 0.00 28 3 17 
20:42:25 2.42 0.00000000 0.00000000 0.00 0.00 0.00 80.00 0.00 28 3 17 
20:42:25 2.62 0.00000000 0.00000000 0.00 0.00 0.00 80.00 0.00 28 3 17 
