0:0:0 0.34 0.00000000 0.00000000 0.00 0.00 0.00 80.00 0.00 0 0 0 
20:28:12 0.55 0.00000000 0.00000000 0.00 0.00 0.00 79.00 0.00 0 0 0 
20:28:12 0.75 0.00000000 0.00000000 0.00 0.00 0.00 80.00 0.00 14 12 16 
20:28:12 0.95 0.00000000 0.00000000 0.00 0.00 0.00 79.00 0.00 14 12 16 
20:28:12 1.15 0.00000000 0.00000000 0.00 0.00 0.00 79.00 0.00 14 12 16 
20:28:12 1.35 0.00000000 0.00000000 0.00 0.00 0.00 80.00 0.00 14 12 16 
20:28:13 1.55 0.00000000 0.00000000 0.00 0.00 0.00 79.00 0.00 14 12 16 
20:28:13 1.75 0.00000000 0.00000000 0.00 0.00 0.00 79.00 0.00 14 12 16 
20:28:13 1.95 0.00000000 0.00000000 0.00 0.00 0.00 80.00 0.00 14 12 16 
20:28:13 2.15 0.00000000 0.00000000 0.00 0.00 0.00 79.00 0.00 14 12 16 
20:28:13 2.35 0.00000000 0.00000000 0.00 0.00 0.00 79.00 0.00 14 12 16 
20:28:14 2.56 0.00000000 0.00000000 0.00 0.00 0.00 79.00 0.00 14 12 16 
20:28:14 2.76 0.00000000 0.00000000 0.00 0.00 0.00 79.00 0.00 14 12 16 
20:28:14 2.96 0.00000000 0.00000000 0.00 0.00 0.00 79.00 0.00 14 12 16 
20:28:14 3.16 0.00000000 0.00000000 0.00 0.00 0.00 79.00 0.00 14 12 16 
20:28:14 3.36 0.00000000 0.00000000 0.00 0.00 0.00 80.00 0.00 14 12 16 
20:28:15 3.56 0.00000000 0.00000000 0.00 0.00 0.00 79.00 0.00 14 12 16 
20:28:15 3.76 0.00000000 0.00000000 0.00 0.00 0.00 79.00 0.00 14 12 16 
20:28:15 3.96 0.00000000 0.00000000 0.00 0.00 0.00 80.00 0.00 14 12 16 
20:28:15 4.17 0.00000000 0.00000000 0.00 0.00 0.00 79.00 0.00 14 12 16 
20:28:15 4.37 0.00000000 0.00000000 0.00 0.00 0.00 79.00 0.00 14 12 16 
20:28:16 4.57 0.00000000 0.00000000 0.00 0.00 0.00 80.00 0.00 14 12 16 
20:28:16 4.77 0.00000000 0.00000000 0.00 0.00 0.00 80.00 0.00 14 12 16 
20:28:16 4.97 0.00000000 0.00000000 0.00 0.00 0.00 79.00 0.00 14 12 16 
20:28:16 5.17 0.00000000 0.00000000 0.00 0.00 0.00 80.00 0.00 14 12 16 
20:28:16 5.37 0.00000000 0.00000000 0.00 0.00 0.00 80.00 0.00 14 12 16 
20:28:17 5.57 0.00000000 0.00000000 0.00 0.00 0.00 79.00 0.00 14 12 16 
20:28:17 5.77 0.00000000 0.00000000 0.00 0.00 0.00 79.00 0.00 14 12 16 
20:28:17 5.97 0.00000000 0.00000000 0.00 0.00 0.00 79.00 0.00 14 12 16 
