0:0:0 0.76 0.00000000 0.00000000 -99.00 -99.00 0.00 572.00 80.00 308.00 422.00 23.66 1006.56 54.03 0 0 0 17 
0:0:0 0.96 0.00000000 0.00000000 -99.00 -99.00 0.00 479.00 80.00 177.00 275.00 23.67 1006.53 54.04 0 0 0 17 
0:0:0 1.16 0.00000000 0.00000000 -99.00 -99.00 0.00 373.00 80.00 151.00 209.00 23.68 1006.55 54.04 0 0 0 17 
20:52:15 1.36 0.00000000 0.00000000 -99.00 -99.00 0.00 304.00 80.00 147.00 184.00 23.69 1006.54 54.04 0 28 3 17 
20:52:15 1.56 0.00000000 0.00000000 -99.00 -99.00 0.00 268.00 80.00 147.00 177.00 23.70 1006.52 54.03 0 28 3 17 
20:52:15 1.76 0.00000000 0.00000000 -99.00 -99.00 0.00 254.00 80.00 148.00 173.00 23.70 1006.56 54.03 0 28 3 17 
20:52:15 1.97 0.00000000 0.00000000 -99.00 -99.00 0.00 248.00 80.00 148.00 172.00 23.71 1006.53 54.04 0 28 3 17 
20:52:15 2.17 0.00000000 0.00000000 -99.00 -99.00 0.00 246.00 80.00 148.00 171.00 23.71 1006.54 54.04 0 28 3 17 
20:52:16 2.37 0.00000000 0.00000000 -99.00 -99.00 0.00 247.00 80.00 150.00 173.00 23.71 1006.52 54.04 0 28 3 17 
20:52:16 2.57 0.00000000 0.00000000 -99.00 -99.00 0.00 249.00 80.00 150.00 174.00 23.70 1006.47 54.04 0 28 3 17 
20:52:16 2.77 0.00000000 0.00000000 -99.00 -99.00 0.00 242.00 80.00 146.00 169.00 23.71 1006.50 54.03 0 28 3 17 
20:52:16 2.97 0.00000000 0.00000000 -99.00 -99.00 0.00 241.00 80.00 147.00 170.00 23.71 1006.52 54.03 0 28 3 17 
20:52:16 3.17 0.00000000 0.00000000 -99.00 -99.00 0.00 242.00 80.00 147.00 170.00 23.70 1006.50 54.03 0 28 3 17 
20:52:17 3.37 0.00000000 0.00000000 -99.00 -99.00 0.00 242.00 80.00 147.00 170.00 23.71 1006.56 54.03 0 28 3 17 
20:52:17 3.57 0.00000000 0.00000000 -99.00 -99.00 0.00 242.00 80.00 148.00 171.00 23.72 1006.48 54.03 0 28 3 17 
20:52:17 3.78 0.00000000 0.00000000 -99.00 -99.00 0.00 243.00 80.00 148.00 171.00 23.72 1006.52 54.04 0 28 3 17 
20:52:17 3.98 0.00000000 0.00000000 -99.00 -99.00 0.00 243.00 80.00 148.00 172.00 23.72 1006.56 54.04 0 28 3 17 
20:52:17 4.18 0.00000000 0.00000000 -99.00 -99.00 0.00 244.00 80.00 148.00 172.00 23.71 1006.53 54.04 0 28 3 17 
20:52:18 4.38 0.00000000 0.00000000 -99.00 -99.00 0.00 244.00 80.00 148.00 172.00 23.71 1006.56 54.04 0 28 3 17 
20:52:18 4.58 0.00000000 0.00000000 -99.00 -99.00 0.00 243.00 80.00 147.00 171.00 23.72 1006.58 54.07 0 28 3 17 
20:52:18 4.78 0.00000000 0.00000000 -99.00 -99.00 0.00 243.00 80.00 148.00 172.00 23.72 1006.55 54.18 0 28 3 17 
20:52:18 4.98 0.00000000 0.00000000 -99.00 -99.00 0.00 243.00 80.00 147.00 171.00 23.71 1006.47 54.29 0 28 3 17 
20:52:18 5.18 0.00000000 0.00000000 -99.00 -99.00 0.00 243.00 80.00 147.00 171.00 23.72 1006.51 54.32 0 28 3 17 
20:52:19 5.38 0.00000000 0.00000000 -99.00 -99.00 0.00 243.00 80.00 147.00 171.00 23.72 1006.54 54.38 0 28 3 17 
20:52:19 5.58 0.00000000 0.00000000 -99.00 -99.00 0.00 243.00 80.00 148.00 171.00 23.72 1006.53 54.37 0 28 3 17 
20:52:19 5.78 0.00000000 0.00000000 -99.00 -99.00 0.00 243.00 80.00 148.00 171.00 23.71 1006.51 54.35 0 28 3 17 
20:52:19 5.98 0.00000000 0.00000000 -99.00 -99.00 0.00 243.00 80.00 148.00 171.00 23.71 1006.57 54.33 0 28 3 17 
20:52:19 6.18 0.00000000 0.00000000 -99.00 -99.00 0.00 243.00 79.00 147.00 171.00 23.71 1006.58 54.31 0 28 3 17 
20:52:20 6.38 0.00000000 0.00000000 -99.00 -99.00 0.00 243.00 80.00 147.00 170.00 23.71 1006.59 54.30 0 28 3 17 
20:52:20 6.58 0.00000000 0.00000000 -99.00 -99.00 0.00 242.00 80.00 147.00 170.00 23.71 1006.46 54.28 0 28 3 17 
20:52:20 6.78 0.00000000 0.00000000 -99.00 -99.00 0.00 242.00 80.00 147.00 170.00 23.71 1006.56 54.26 0 28 3 17 
20:52:20 6.98 0.00000000 0.00000000 -99.00 -99.00 0.00 243.00 80.00 147.00 171.00 23.70 1006.55 54.23 0 28 3 17 
20:52:20 7.19 0.00000000 0.00000000 -99.00 -99.00 0.00 242.00 79.00 147.00 170.00 23.70 1006.48 54.22 0 28 3 17 
20:52:21 7.39 0.00000000 0.00000000 -99.00 -99.00 0.00 242.00 79.00 147.00 170.00 23.70 1006.53 54.21 0 28 3 17 
20:52:21 7.59 0.00000000 0.00000000 -99.00 -99.00 0.00 242.00 79.00 147.00 170.00 23.70 1006.57 54.20 0 28 3 17 
20:52:21 7.79 0.00000000 0.00000000 -99.00 -99.00 0.00 242.00 80.00 147.00 171.00 23.70 1006.60 54.19 0 28 3 17 
20:52:21 7.99 0.00000000 0.00000000 -99.00 -99.00 0.00 246.00 80.00 149.00 172.00 23.70 1006.56 54.18 0 28 3 17 
20:52:21 8.19 0.00000000 0.00000000 -99.00 -99.00 0.00 241.00 80.00 146.00 170.00 23.70 1006.51 54.17 0 28 3 17 
20:52:22 8.39 0.00000000 0.00000000 -99.00 -99.00 0.00 241.00 80.00 147.00 171.00 23.69 1006.53 54.16 0 28 3 17 
20:52:22 8.59 0.00000000 0.00000000 -99.00 -99.00 0.00 243.00 80.00 148.00 172.00 23.69 1006.55 54.16 0 28 3 17 
20:52:22 8.79 0.00000000 0.00000000 -99.00 -99.00 0.00 242.00 80.00 147.00 171.00 23.69 1006.52 54.15 0 28 3 17 
20:52:22 8.99 0.00000000 0.00000000 -99.00 -99.00 0.00 243.00 80.00 148.00 171.00 23.70 1006.55 54.14 0 28 3 17 
20:52:22 9.19 0.00000000 0.00000000 -99.00 -99.00 0.00 243.00 80.00 147.00 171.00 23.70 1006.52 54.14 0 28 3 17 
20:52:23 9.39 0.00000000 0.00000000 -99.00 -99.00 0.00 243.00 80.00 148.00 171.00 23.70 1006.50 54.13 0 28 3 17 
20:52:23 9.59 0.00000000 0.00000000 -99.00 -99.00 0.00 243.00 80.00 148.00 171.00 23.70 1006.52 54.13 0 28 3 17 
