0:0:0 0.39 0.00000000 0.00000000 0.00 0.00 0.00 80.00 0.00 0 0 0 
0:0:0 0.60 0.00000000 0.00000000 0.00 0.00 0.00 79.00 0.00 0 0 0 
0:0:0 0.80 0.00000000 0.00000000 0.00 0.00 0.00 80.00 0.00 0 0 0 
20:40:55 1.00 0.00000000 0.00000000 0.00 0.00 0.00 79.00 0.00 0 0 0 
20:40:55 1.20 0.00000000 0.00000000 0.00 0.00 0.00 80.00 0.00 0 0 0 
20:40:55 1.40 0.00000000 0.00000000 0.00 0.00 0.00 79.00 0.00 0 0 0 
20:40:55 1.60 0.00000000 0.00000000 0.00 0.00 0.00 80.00 0.00 0 0 0 
20:40:55 1.80 0.00000000 0.00000000 0.00 0.00 0.00 79.00 0.00 0 0 0 
20:40:55 2.00 0.00000000 0.00000000 0.00 0.00 0.00 80.00 0.00 0 0 0 
20:40:55 2.20 0.00000000 0.00000000 0.00 0.00 0.00 79.00 0.00 0 0 0 
20:40:55 2.41 0.00000000 0.00000000 0.00 0.00 0.00 79.00 0.00 0 0 0 
20:40:55 2.61 0.00000000 0.00000000 0.00 0.00 0.00 80.00 0.00 0 0 0 
20:40:55 2.81 0.00000000 0.00000000 0.00 0.00 0.00 79.00 0.00 0 0 0 
20:40:57 3.01 0.00000000 0.00000000 0.00 0.00 0.00 80.00 0.00 28 3 17 
20:40:57 3.21 0.00000000 0.00000000 0.00 0.00 0.00 80.00 0.00 28 3 17 
20:40:57 3.41 0.00000000 0.00000000 0.00 0.00 0.00 79.00 0.00 28 3 17 
20:40:57 3.61 0.00000000 0.00000000 0.00 0.00 0.00 80.00 0.00 28 3 17 
20:40:58 3.82 0.00000000 0.00000000 0.00 0.00 0.00 80.00 0.00 28 3 17 
20:40:58 4.02 0.00000000 0.00000000 0.00 0.00 0.00 80.00 0.00 28 3 17 
20:40:58 4.22 0.00000000 0.00000000 0.00 0.00 0.00 79.00 0.00 28 3 17 
20:40:58 4.42 0.00000000 0.00000000 0.00 0.00 0.00 80.00 0.00 28 3 17 
20:40:58 4.62 0.00000000 0.00000000 0.00 0.00 0.00 80.00 0.00 28 3 17 
20:40:59 4.82 0.00000000 0.00000000 0.00 0.00 0.00 80.00 0.00 28 3 17 
20:40:59 5.02 0.00000000 0.00000000 0.00 0.00 0.00 80.00 0.00 28 3 17 
20:40:59 5.23 0.00000000 0.00000000 0.00 0.00 0.00 79.00 0.00 28 3 17 
20:40:59 5.43 0.00000000 0.00000000 0.00 0.00 0.00 79.00 0.00 28 3 17 
20:40:59 5.63 0.00000000 0.00000000 0.00 0.00 0.00 79.00 0.00 28 3 17 
20:41:0 5.83 0.00000000 0.00000000 0.00 0.00 0.00 79.00 0.00 28 3 17 
20:41:0 6.03 0.00000000 0.00000000 0.00 0.00 0.00 79.00 0.00 28 3 17 
20:41:0 6.23 0.00000000 0.00000000 0.00 0.00 0.00 80.00 0.00 28 3 17 
20:41:0 6.43 0.00000000 0.00000000 0.00 0.00 0.00 80.00 0.00 28 3 17 
20:41:0 6.63 0.00000000 0.00000000 0.00 0.00 0.00 79.00 0.00 28 3 17 
20:41:1 6.83 0.00000000 0.00000000 0.00 0.00 0.00 79.00 0.00 28 3 17 
20:41:1 7.03 0.00000000 0.00000000 0.00 0.00 0.00 79.00 0.00 28 3 17 
20:41:1 7.23 0.00000000 0.00000000 0.00 0.00 0.00 79.00 0.00 28 3 17 
20:41:1 7.43 0.00000000 0.00000000 0.00 0.00 0.00 80.00 0.00 28 3 17 
20:41:1 7.63 0.00000000 0.00000000 0.00 0.00 0.00 80.00 0.00 28 3 17 
20:41:2 7.83 0.00000000 0.00000000 0.00 0.00 0.00 80.00 0.00 28 3 17 
20:41:2 8.03 0.00000000 0.00000000 0.00 0.00 0.00 80.00 0.00 28 3 17 
20:41:2 8.24 0.00000000 0.00000000 0.00 0.00 0.00 80.00 0.00 28 3 17 
20:41:2 8.44 0.00000000 0.00000000 0.00 0.00 0.00 80.00 0.00 28 3 17 
20:41:2 8.64 0.00000000 0.00000000 0.00 0.00 0.00 80.00 0.00 28 3 17 
20:41:3 8.84 0.00000000 0.00000000 0.00 0.00 0.00 80.00 0.00 28 3 17 
20:41:3 9.04 0.00000000 0.00000000 0.00 0.00 0.00 79.00 0.00 28 3 17 
20:41:3 9.24 0.00000000 0.00000000 0.00 0.00 0.00 79.00 0.00 28 3 17 
20:41:3 9.44 0.00000000 0.00000000 0.00 0.00 0.00 80.00 0.00 28 3 17 
20:41:3 9.64 0.00000000 0.00000000 0.00 0.00 0.00 80.00 0.00 28 3 17 
20:41:4 9.84 0.00000000 0.00000000 0.00 0.00 0.00 80.00 0.00 28 3 17 
20:41:4 10.04 0.00000000 0.00000000 0.00 0.00 0.00 80.00 0.00 28 3 17 
20:41:4 10.24 0.00000000 0.00000000 0.00 0.00 0.00 79.00 0.00 28 3 17 
20:41:4 10.44 0.00000000 0.00000000 0.00 0.00 0.00 80.00 0.00 28 3 17 
20:41:4 10.65 0.00000000 0.00000000 0.00 0.00 0.00 79.00 0.00 28 3 17 
20:41:5 10.85 0.00000000 0.00000000 0.00 0.00 0.00 80.00 0.00 28 3 17 
20:41:5 11.05 0.00000000 0.00000000 0.00 0.00 0.00 80.00 0.00 28 3 17 
20:41:5 11.25 0.00000000 0.00000000 0.00 0.00 0.00 80.00 0.00 28 3 17 
20:41:5 11.45 0.00000000 0.00000000 0.00 0.00 0.00 80.00 0.00 28 3 17 
20:41:5 11.65 0.00000000 0.00000000 0.00 0.00 0.00 80.00 0.00 28 3 17 
20:41:6 11.85 0.00000000 0.00000000 0.00 0.00 0.00 80.00 0.00 28 3 17 
20:41:6 12.05 0.00000000 0.00000000 0.00 0.00 0.00 80.00 0.00 28 3 17 
20:41:6 12.25 0.00000000 0.00000000 0.00 0.00 0.00 79.00 0.00 28 3 17 
20:41:6 12.45 0.00000000 0.00000000 0.00 0.00 0.00 79.00 0.00 28 3 17 
20:41:6 12.65 0.00000000 0.00000000 0.00 0.00 0.00 80.00 0.00 28 3 17 
20:41:7 12.85 0.00000000 0.00000000 0.00 0.00 0.00 80.00 0.00 28 3 17 
20:41:7 13.06 0.00000000 0.00000000 0.00 0.00 0.00 80.00 0.00 28 3 17 
20:41:7 13.26 0.00000000 0.00000000 0.00 0.00 0.00 80.00 0.00 28 3 17 
20:41:7 13.46 0.00000000 0.00000000 0.00 0.00 0.00 80.00 0.00 28 3 17 
20:41:7 13.66 0.00000000 0.00000000 0.00 0.00 0.00 80.00 0.00 28 3 17 
20:41:8 13.86 0.00000000 0.00000000 0.00 0.00 0.00 79.00 0.00 28 3 17 
20:41:8 14.06 0.00000000 0.00000000 0.00 0.00 0.00 80.00 0.00 28 3 17 
20:41:8 14.26 0.00000000 0.00000000 0.00 0.00 0.00 80.00 0.00 28 3 17 
20:41:8 14.46 0.00000000 0.00000000 0.00 0.00 0.00 80.00 0.00 28 3 17 
20:41:8 14.67 0.00000000 0.00000000 0.00 0.00 0.00 80.00 0.00 28 3 17 
20:41:9 14.87 0.00000000 0.00000000 0.00 0.00 0.00 80.00 0.00 28 3 17 
20:41:9 15.07 0.00000000 0.00000000 0.00 0.00 0.00 80.00 0.00 28 3 17 
20:41:9 15.27 0.00000000 0.00000000 0.00 0.00 0.00 80.00 0.00 28 3 17 
20:41:9 15.47 0.00000000 0.00000000 0.00 0.00 0.00 80.00 0.00 28 3 17 
20:41:9 15.67 0.00000000 0.00000000 0.00 0.00 0.00 80.00 0.00 28 3 17 
20:41:10 15.87 0.00000000 0.00000000 0.00 0.00 0.00 79.00 0.00 28 3 17 
20:41:10 16.07 0.00000000 0.00000000 0.00 0.00 0.00 79.00 0.00 28 3 17 
20:41:10 16.27 0.00000000 0.00000000 0.00 0.00 0.00 79.00 0.00 28 3 17 
20:41:10 16.47 0.00000000 0.00000000 0.00 0.00 0.00 79.00 0.00 28 3 17 
20:41:10 16.67 0.00000000 0.00000000 0.00 0.00 0.00 80.00 0.00 28 3 17 
20:41:11 16.87 0.00000000 0.00000000 0.00 0.00 0.00 79.00 0.00 28 3 17 
20:41:11 17.07 0.00000000 0.00000000 0.00 0.00 0.00 79.00 0.00 28 3 17 
20:41:11 17.28 0.00000000 0.00000000 0.00 0.00 0.00 80.00 0.00 28 3 17 
20:41:11 17.48 0.00000000 0.00000000 0.00 0.00 0.00 80.00 0.00 28 3 17 
20:41:11 17.68 0.00000000 0.00000000 0.00 0.00 0.00 80.00 0.00 28 3 17 
20:41:12 17.88 0.00000000 0.00000000 0.00 0.00 0.00 80.00 0.00 28 3 17 
20:41:12 18.08 0.00000000 0.00000000 0.00 0.00 0.00 80.00 0.00 28 3 17 
20:41:12 18.28 0.00000000 0.00000000 0.00 0.00 0.00 79.00 0.00 28 3 17 
20:41:12 18.48 0.00000000 0.00000000 0.00 0.00 0.00 79.00 0.00 28 3 17 
20:41:12 18.68 0.00000000 0.00000000 0.00 0.00 0.00 80.00 0.00 28 3 17 
20:41:13 18.88 0.00000000 0.00000000 0.00 0.00 0.00 79.00 0.00 28 3 17 
20:41:13 19.08 0.00000000 0.00000000 0.00 0.00 0.00 80.00 0.00 28 3 17 
20:41:13 19.29 0.00000000 0.00000000 0.00 0.00 0.00 79.00 0.00 28 3 17 
20:41:13 19.49 0.00000000 0.00000000 0.00 0.00 0.00 80.00 0.00 28 3 17 
20:41:13 19.69 0.00000000 0.00000000 0.00 0.00 0.00 80.00 0.00 28 3 17 
20:41:14 19.89 0.00000000 0.00000000 0.00 0.00 0.00 80.00 0.00 28 3 17 
20:41:14 20.09 0.00000000 0.00000000 0.00 0.00 0.00 80.00 0.00 28 3 17 
20:41:14 20.29 0.00000000 0.00000000 0.00 0.00 0.00 80.00 0.00 28 3 17 
20:41:14 20.49 0.00000000 0.00000000 0.00 0.00 0.00 80.00 0.00 28 3 17 
20:41:14 20.69 0.00000000 0.00000000 0.00 0.00 0.00 79.00 0.00 28 3 17 
20:41:15 20.89 0.00000000 0.00000000 0.00 0.00 0.00 80.00 0.00 28 3 17 
20:41:15 21.10 0.00000000 0.00000000 0.00 0.00 0.00 79.00 0.00 28 3 17 
20:41:15 21.30 0.00000000 0.00000000 0.00 0.00 0.00 79.00 0.00 28 3 17 
20:41:15 21.50 0.00000000 0.00000000 0.00 0.00 0.00 79.00 0.00 28 3 17 
20:41:15 21.70 0.00000000 0.00000000 0.00 0.00 0.00 79.00 0.00 28 3 17 
20:41:16 21.90 0.00000000 0.00000000 0.00 0.00 0.00 79.00 0.00 28 3 17 
20:41:16 22.10 0.00000000 0.00000000 0.00 0.00 0.00 80.00 0.00 28 3 17 
20:41:16 22.30 0.00000000 0.00000000 0.00 0.00 0.00 80.00 0.00 28 3 17 
20:41:16 22.50 0.00000000 0.00000000 0.00 0.00 0.00 80.00 0.00 28 3 17 
20:41:16 22.70 0.00000000 0.00000000 0.00 0.00 0.00 79.00 0.00 28 3 17 
20:41:17 22.91 0.00000000 0.00000000 0.00 0.00 0.00 80.00 0.00 28 3 17 
20:41:17 23.11 0.00000000 0.00000000 0.00 0.00 0.00 80.00 0.00 28 3 17 
20:41:17 23.31 0.00000000 0.00000000 0.00 0.00 0.00 80.00 0.00 28 3 17 
20:41:17 23.51 0.00000000 0.00000000 0.00 0.00 0.00 79.00 0.00 28 3 17 
20:41:17 23.71 0.00000000 0.00000000 0.00 0.00 0.00 80.00 0.00 28 3 17 
20:41:18 23.91 0.00000000 0.00000000 0.00 0.00 0.00 79.00 0.00 28 3 17 
20:41:18 24.11 0.00000000 0.00000000 0.00 0.00 0.00 79.00 0.00 28 3 17 
20:41:18 24.31 0.00000000 0.00000000 0.00 0.00 0.00 79.00 0.00 28 3 17 
20:41:18 24.51 0.00000000 0.00000000 0.00 0.00 0.00 80.00 0.00 28 3 17 
20:41:18 24.72 0.00000000 0.00000000 0.00 0.00 0.00 79.00 0.00 28 3 17 
20:41:19 24.92 0.00000000 0.00000000 0.00 0.00 0.00 79.00 0.00 28 3 17 
20:41:19 25.12 0.00000000 0.00000000 0.00 0.00 0.00 80.00 0.00 28 3 17 
20:41:19 25.32 0.00000000 0.00000000 0.00 0.00 0.00 80.00 0.00 28 3 17 
20:41:19 25.52 0.00000000 0.00000000 0.00 0.00 0.00 80.00 0.00 28 3 17 
20:41:19 25.72 0.00000000 0.00000000 0.00 0.00 0.00 80.00 0.00 28 3 17 
20:41:20 25.92 0.00000000 0.00000000 0.00 0.00 0.00 80.00 0.00 28 3 17 
20:41:20 26.12 0.00000000 0.00000000 0.00 0.00 0.00 79.00 0.00 28 3 17 
20:41:20 26.33 0.00000000 0.00000000 0.00 0.00 0.00 80.00 0.00 28 3 17 
20:41:20 26.53 0.00000000 0.00000000 0.00 0.00 0.00 79.00 0.00 28 3 17 
20:41:20 26.73 0.00000000 0.00000000 0.00 0.00 0.00 79.00 0.00 28 3 17 
20:41:21 26.93 0.00000000 0.00000000 0.00 0.00 0.00 79.00 0.00 28 3 17 
20:41:21 27.13 0.00000000 0.00000000 0.00 0.00 0.00 79.00 0.00 28 3 17 
20:41:21 27.33 0.00000000 0.00000000 0.00 0.00 0.00 79.00 0.00 28 3 17 
20:41:21 27.53 0.00000000 0.00000000 0.00 0.00 0.00 79.00 0.00 28 3 17 
20:41:21 27.73 0.00000000 0.00000000 0.00 0.00 0.00 80.00 0.00 28 3 17 
20:41:22 27.93 0.00000000 0.00000000 0.00 0.00 0.00 79.00 0.00 28 3 17 
20:41:22 28.14 0.00000000 0.00000000 0.00 0.00 0.00 80.00 0.00 28 3 17 
20:41:22 28.34 0.00000000 0.00000000 0.00 0.00 0.00 80.00 0.00 28 3 17 
20:41:22 28.54 0.00000000 0.00000000 0.00 0.00 0.00 80.00 0.00 28 3 17 
20:41:22 28.74 0.00000000 0.00000000 0.00 0.00 0.00 80.00 0.00 28 3 17 
20:41:23 28.94 0.00000000 0.00000000 0.00 0.00 0.00 79.00 0.00 28 3 17 
20:41:23 29.14 0.00000000 0.00000000 0.00 0.00 0.00 80.00 0.00 28 3 17 
20:41:23 29.34 0.00000000 0.00000000 0.00 0.00 0.00 80.00 0.00 28 3 17 
20:41:23 29.54 0.00000000 0.00000000 0.00 0.00 0.00 79.00 0.00 28 3 17 
20:41:23 29.75 0.00000000 0.00000000 0.00 0.00 0.00 80.00 0.00 28 3 17 
20:41:24 29.95 0.00000000 0.00000000 0.00 0.00 0.00 80.00 0.00 28 3 17 
20:41:24 30.15 0.00000000 0.00000000 0.00 0.00 0.00 80.00 0.00 28 3 17 
20:41:24 30.35 0.00000000 0.00000000 0.00 0.00 0.00 80.00 0.00 28 3 17 
20:41:24 30.55 0.00000000 0.00000000 0.00 0.00 0.00 79.00 0.00 28 3 17 
20:41:24 30.75 0.00000000 0.00000000 0.00 0.00 0.00 79.00 0.00 28 3 17 
20:41:25 30.95 0.00000000 0.00000000 0.00 0.00 0.00 80.00 0.00 28 3 17 
20:41:25 31.15 0.00000000 0.00000000 0.00 0.00 0.00 80.00 0.00 28 3 17 
20:41:25 31.35 0.00000000 0.00000000 0.00 0.00 0.00 80.00 0.00 28 3 17 
20:41:25 31.55 0.00000000 0.00000000 0.00 0.00 0.00 80.00 0.00 28 3 17 
20:41:25 31.76 0.00000000 0.00000000 0.00 0.00 0.00 80.00 0.00 28 3 17 
20:41:26 31.96 0.00000000 0.00000000 0.00 0.00 0.00 79.00 0.00 28 3 17 
20:41:26 32.16 0.00000000 0.00000000 0.00 0.00 0.00 80.00 0.00 28 3 17 
20:41:26 32.36 0.00000000 0.00000000 0.00 0.00 0.00 80.00 0.00 28 3 17 
20:41:26 32.56 0.00000000 0.00000000 0.00 0.00 0.00 79.00 0.00 28 3 17 
20:41:26 32.76 0.00000000 0.00000000 0.00 0.00 0.00 80.00 0.00 28 3 17 
20:41:27 32.96 0.00000000 0.00000000 0.00 0.00 0.00 79.00 0.00 28 3 17 
20:41:27 33.16 0.00000000 0.00000000 0.00 0.00 0.00 80.00 0.00 28 3 17 
20:41:27 33.37 0.00000000 0.00000000 0.00 0.00 0.00 80.00 0.00 28 3 17 
20:41:27 33.57 0.00000000 0.00000000 0.00 0.00 0.00 80.00 0.00 28 3 17 
20:41:27 33.77 0.00000000 0.00000000 0.00 0.00 0.00 80.00 0.00 28 3 17 
20:41:28 33.97 0.00000000 0.00000000 0.00 0.00 0.00 80.00 0.00 28 3 17 
20:41:28 34.17 0.00000000 0.00000000 0.00 0.00 0.00 80.00 0.00 28 3 17 
20:41:28 34.37 0.00000000 0.00000000 0.00 0.00 0.00 80.00 0.00 28 3 17 
20:41:28 34.57 0.00000000 0.00000000 0.00 0.00 0.00 80.00 0.00 28 3 17 
20:41:28 34.77 0.00000000 0.00000000 0.00 0.00 0.00 80.00 0.00 28 3 17 
20:41:29 34.97 0.00000000 0.00000000 0.00 0.00 0.00 80.00 0.00 28 3 17 
20:41:29 35.18 0.00000000 0.00000000 0.00 0.00 0.00 80.00 0.00 28 3 17 
20:41:29 35.38 0.00000000 0.00000000 0.00 0.00 0.00 80.00 0.00 28 3 17 
20:41:29 35.58 0.00000000 0.00000000 0.00 0.00 0.00 80.00 0.00 28 3 17 
20:41:29 35.78 0.00000000 0.00000000 0.00 0.00 0.00 80.00 0.00 28 3 17 
20:41:29 35.98 0.00000000 0.00000000 0.00 0.00 0.00 80.00 0.00 28 3 17 
20:41:29 36.18 0.00000000 0.00000000 0.00 0.00 0.00 80.00 0.00 28 3 17 
20:41:29 36.38 0.00000000 0.00000000 0.00 0.00 0.00 80.00 0.00 28 3 17 
20:41:29 36.58 0.00000000 0.00000000 0.00 0.00 0.00 80.00 0.00 28 3 17 
20:41:29 36.79 0.00000000 0.00000000 0.00 0.00 0.00 80.00 0.00 28 3 17 
20:41:29 36.99 0.00000000 0.00000000 0.00 0.00 0.00 80.00 0.00 28 3 17 
20:41:29 37.19 0.00000000 0.00000000 0.00 0.00 0.00 80.00 0.00 28 3 17 
20:41:29 37.39 0.00000000 0.00000000 0.00 0.00 0.00 80.00 0.00 28 3 17 
20:41:29 37.59 0.00000000 0.00000000 0.00 0.00 0.00 80.00 0.00 28 3 17 
20:41:29 37.79 0.00000000 0.00000000 0.00 0.00 0.00 80.00 0.00 28 3 17 
20:41:29 37.99 0.00000000 0.00000000 0.00 0.00 0.00 80.00 0.00 28 3 17 
20:41:29 38.19 0.00000000 0.00000000 0.00 0.00 0.00 80.00 0.00 28 3 17 
20:41:29 38.40 0.00000000 0.00000000 0.00 0.00 0.00 80.00 0.00 28 3 17 
20:41:29 38.60 0.00000000 0.00000000 0.00 0.00 0.00 80.00 0.00 28 3 17 
20:41:29 38.80 0.00000000 0.00000000 0.00 0.00 0.00 80.00 0.00 28 3 17 
20:41:29 39.00 0.00000000 0.00000000 0.00 0.00 0.00 80.00 0.00 28 3 17 
20:41:29 39.20 0.00000000 0.00000000 0.00 0.00 0.00 80.00 0.00 28 3 17 
20:41:29 39.40 0.00000000 0.00000000 0.00 0.00 0.00 80.00 0.00 28 3 17 
20:41:29 39.60 0.00000000 0.00000000 0.00 0.00 0.00 80.00 0.00 28 3 17 
20:41:29 39.80 0.00000000 0.00000000 0.00 0.00 0.00 80.00 0.00 28 3 17 
20:41:29 40.00 0.00000000 0.00000000 0.00 0.00 0.00 80.00 0.00 28 3 17 
20:41:29 40.20 0.00000000 0.00000000 0.00 0.00 0.00 80.00 0.00 28 3 17 
20:41:29 40.41 0.00000000 0.00000000 0.00 0.00 0.00 79.00 0.00 28 3 17 
20:41:29 40.61 0.00000000 0.00000000 0.00 0.00 0.00 80.00 0.00 28 3 17 
20:41:29 40.81 0.00000000 0.00000000 0.00 0.00 0.00 80.00 0.00 28 3 17 
20:41:35 41.01 0.00000000 0.00000000 0.00 0.00 0.00 80.00 0.00 28 3 17 
20:41:35 41.21 0.00000000 0.00000000 0.00 0.00 0.00 80.00 0.00 28 3 17 
20:41:35 41.41 0.00000000 0.00000000 0.00 0.00 0.00 80.00 0.00 28 3 17 
20:41:35 41.61 0.00000000 0.00000000 0.00 0.00 0.00 80.00 0.00 28 3 17 
20:41:35 41.81 0.00000000 0.00000000 0.00 0.00 0.00 79.00 0.00 28 3 17 
20:41:36 42.02 0.00000000 0.00000000 0.00 0.00 0.00 80.00 0.00 28 3 17 
20:41:36 42.22 0.00000000 0.00000000 0.00 0.00 0.00 79.00 0.00 28 3 17 
20:41:36 42.42 0.00000000 0.00000000 0.00 0.00 0.00 80.00 0.00 28 3 17 
20:41:36 42.62 0.00000000 0.00000000 0.00 0.00 0.00 79.00 0.00 28 3 17 
20:41:36 42.82 0.00000000 0.00000000 0.00 0.00 0.00 80.00 0.00 28 3 17 
20:41:37 43.02 0.00000000 0.00000000 0.00 0.00 0.00 79.00 0.00 28 3 17 
20:41:37 43.22 0.00000000 0.00000000 0.00 0.00 0.00 80.00 0.00 28 3 17 
20:41:37 43.42 0.00000000 0.00000000 0.00 0.00 0.00 80.00 0.00 28 3 17 
20:41:37 43.63 0.00000000 0.00000000 0.00 0.00 0.00 80.00 0.00 28 3 17 
20:41:37 43.83 0.00000000 0.00000000 0.00 0.00 0.00 80.00 0.00 28 3 17 
20:41:38 44.03 0.00000000 0.00000000 0.00 0.00 0.00 80.00 0.00 28 3 17 
20:41:38 44.23 0.00000000 0.00000000 0.00 0.00 0.00 80.00 0.00 28 3 17 
20:41:38 44.43 0.00000000 0.00000000 0.00 0.00 0.00 80.00 0.00 28 3 17 
20:41:38 44.63 0.00000000 0.00000000 0.00 0.00 0.00 80.00 0.00 28 3 17 
20:41:39 44.83 0.00000000 0.00000000 0.00 0.00 0.00 80.00 0.00 28 3 17 
20:41:39 45.03 0.00000000 0.00000000 0.00 0.00 0.00 80.00 0.00 28 3 17 
20:41:39 45.24 0.00000000 0.00000000 0.00 0.00 0.00 80.00 0.00 28 3 17 
20:41:39 45.44 0.00000000 0.00000000 0.00 0.00 0.00 79.00 0.00 28 3 17 
20:41:39 45.64 0.00000000 0.00000000 0.00 0.00 0.00 80.00 0.00 28 3 17 
20:41:40 45.84 0.00000000 0.00000000 0.00 0.00 0.00 79.00 0.00 28 3 17 
20:41:40 46.04 0.00000000 0.00000000 0.00 0.00 0.00 80.00 0.00 28 3 17 
20:41:40 46.24 0.00000000 0.00000000 0.00 0.00 0.00 80.00 0.00 28 3 17 
20:41:40 46.44 0.00000000 0.00000000 0.00 0.00 0.00 80.00 0.00 28 3 17 
20:41:40 46.64 0.00000000 0.00000000 0.00 0.00 0.00 80.00 0.00 28 3 17 
20:41:41 46.84 0.00000000 0.00000000 0.00 0.00 0.00 80.00 0.00 28 3 17 
20:41:41 47.04 0.00000000 0.00000000 0.00 0.00 0.00 80.00 0.00 28 3 17 
20:41:41 47.25 0.00000000 0.00000000 0.00 0.00 0.00 80.00 0.00 28 3 17 
20:41:41 47.45 0.00000000 0.00000000 0.00 0.00 0.00 80.00 0.00 28 3 17 
20:41:41 47.65 0.00000000 0.00000000 0.00 0.00 0.00 80.00 0.00 28 3 17 
20:41:42 47.85 0.00000000 0.00000000 0.00 0.00 0.00 80.00 0.00 28 3 17 
20:41:42 48.05 0.00000000 0.00000000 0.00 0.00 0.00 80.00 0.00 28 3 17 
20:41:42 48.25 0.00000000 0.00000000 0.00 0.00 0.00 80.00 0.00 28 3 17 
20:41:42 48.45 0.00000000 0.00000000 0.00 0.00 0.00 80.00 0.00 28 3 17 
20:41:42 48.65 0.00000000 0.00000000 0.00 0.00 0.00 80.00 0.00 28 3 17 
20:41:43 48.86 0.00000000 0.00000000 0.00 0.00 0.00 80.00 0.00 28 3 17 
20:41:43 49.06 0.00000000 0.00000000 0.00 0.00 0.00 80.00 0.00 28 3 17 
20:41:43 49.26 0.00000000 0.00000000 0.00 0.00 0.00 80.00 0.00 28 3 17 
20:41:43 49.46 0.00000000 0.00000000 0.00 0.00 0.00 80.00 0.00 28 3 17 
20:41:43 49.66 0.00000000 0.00000000 0.00 0.00 0.00 80.00 0.00 28 3 17 
20:41:44 49.86 0.00000000 0.00000000 0.00 0.00 0.00 80.00 0.00 28 3 17 
20:41:44 50.06 0.00000000 0.00000000 0.00 0.00 0.00 80.00 0.00 28 3 17 
20:41:44 50.26 0.00000000 0.00000000 0.00 0.00 0.00 80.00 0.00 28 3 17 
20:41:44 50.46 0.00000000 0.00000000 0.00 0.00 0.00 80.00 0.00 28 3 17 
20:41:44 50.67 0.00000000 0.00000000 0.00 0.00 0.00 80.00 0.00 28 3 17 
20:41:45 50.87 0.00000000 0.00000000 0.00 0.00 0.00 80.00 0.00 28 3 17 
20:41:45 51.07 0.00000000 0.00000000 0.00 0.00 0.00 79.00 0.00 28 3 17 
20:41:45 51.27 0.00000000 0.00000000 0.00 0.00 0.00 79.00 0.00 28 3 17 
20:41:45 51.47 0.00000000 0.00000000 0.00 0.00 0.00 80.00 0.00 28 3 17 
20:41:45 51.67 0.00000000 0.00000000 0.00 0.00 0.00 80.00 0.00 28 3 17 
20:41:46 51.87 0.00000000 0.00000000 0.00 0.00 0.00 80.00 0.00 28 3 17 
20:41:46 52.07 0.00000000 0.00000000 0.00 0.00 0.00 80.00 0.00 28 3 17 
20:41:46 52.27 0.00000000 0.00000000 0.00 0.00 0.00 80.00 0.00 28 3 17 
20:41:46 52.47 0.00000000 0.00000000 0.00 0.00 0.00 80.00 0.00 28 3 17 
20:41:46 52.68 0.00000000 0.00000000 0.00 0.00 0.00 80.00 0.00 28 3 17 
20:41:47 52.88 0.00000000 0.00000000 0.00 0.00 0.00 80.00 0.00 28 3 17 
20:41:47 53.08 0.00000000 0.00000000 0.00 0.00 0.00 80.00 0.00 28 3 17 
20:41:47 53.28 0.00000000 0.00000000 0.00 0.00 0.00 80.00 0.00 28 3 17 
20:41:47 53.48 0.00000000 0.00000000 0.00 0.00 0.00 79.00 0.00 28 3 17 
20:41:47 53.68 0.00000000 0.00000000 0.00 0.00 0.00 79.00 0.00 28 3 17 
20:41:48 53.88 0.00000000 0.00000000 0.00 0.00 0.00 80.00 0.00 28 3 17 
20:41:48 54.08 0.00000000 0.00000000 0.00 0.00 0.00 80.00 0.00 28 3 17 
20:41:48 54.29 0.00000000 0.00000000 0.00 0.00 0.00 80.00 0.00 28 3 17 
20:41:48 54.49 0.00000000 0.00000000 0.00 0.00 0.00 80.00 0.00 28 3 17 
20:41:48 54.69 0.00000000 0.00000000 0.00 0.00 0.00 80.00 0.00 28 3 17 
20:41:49 54.89 0.00000000 0.00000000 0.00 0.00 0.00 80.00 0.00 28 3 17 
20:41:49 55.09 0.00000000 0.00000000 0.00 0.00 0.00 80.00 0.00 28 3 17 
20:41:49 55.29 0.00000000 0.00000000 0.00 0.00 0.00 80.00 0.00 28 3 17 
20:41:49 55.49 0.00000000 0.00000000 0.00 0.00 0.00 80.00 0.00 28 3 17 
20:41:49 55.69 0.00000000 0.00000000 0.00 0.00 0.00 80.00 0.00 28 3 17 
20:41:50 55.89 0.00000000 0.00000000 0.00 0.00 0.00 80.00 0.00 28 3 17 
20:41:50 56.10 0.00000000 0.00000000 0.00 0.00 0.00 80.00 0.00 28 3 17 
20:41:50 56.30 0.00000000 0.00000000 0.00 0.00 0.00 80.00 0.00 28 3 17 
20:41:50 56.50 0.00000000 0.00000000 0.00 0.00 0.00 80.00 0.00 28 3 17 
20:41:50 56.70 0.00000000 0.00000000 0.00 0.00 0.00 80.00 0.00 28 3 17 
20:41:51 56.90 0.00000000 0.00000000 0.00 0.00 0.00 80.00 0.00 28 3 17 
20:41:51 57.10 0.00000000 0.00000000 0.00 0.00 0.00 80.00 0.00 28 3 17 
20:41:51 57.30 0.00000000 0.00000000 0.00 0.00 0.00 80.00 0.00 28 3 17 
20:41:51 57.50 0.00000000 0.00000000 0.00 0.00 0.00 80.00 0.00 28 3 17 
20:41:51 57.70 0.00000000 0.00000000 0.00 0.00 0.00 80.00 0.00 28 3 17 
20:41:52 57.90 0.00000000 0.00000000 0.00 0.00 0.00 80.00 0.00 28 3 17 
20:41:52 58.11 0.00000000 0.00000000 0.00 0.00 0.00 79.00 0.00 28 3 17 
20:41:52 58.31 0.00000000 0.00000000 0.00 0.00 0.00 80.00 0.00 28 3 17 
20:41:52 58.51 0.00000000 0.00000000 0.00 0.00 0.00 80.00 0.00 28 3 17 
20:41:52 58.71 0.00000000 0.00000000 0.00 0.00 0.00 79.00 0.00 28 3 17 
20:41:53 58.91 0.00000000 0.00000000 0.00 0.00 0.00 80.00 0.00 28 3 17 
20:41:53 59.11 0.00000000 0.00000000 0.00 0.00 0.00 80.00 0.00 28 3 17 
20:41:53 59.31 0.00000000 0.00000000 0.00 0.00 0.00 80.00 0.00 28 3 17 
20:41:53 59.51 0.00000000 0.00000000 0.00 0.00 0.00 80.00 0.00 28 3 17 
20:41:53 59.72 0.00000000 0.00000000 0.00 0.00 0.00 80.00 0.00 28 3 17 
20:41:54 59.92 0.00000000 0.00000000 0.00 0.00 0.00 80.00 0.00 28 3 17 
20:41:54 60.12 0.00000000 0.00000000 0.00 0.00 0.00 79.00 0.00 28 3 17 
20:41:54 60.32 0.00000000 0.00000000 0.00 0.00 0.00 80.00 0.00 28 3 17 
20:41:54 60.52 0.00000000 0.00000000 0.00 0.00 0.00 80.00 0.00 28 3 17 
20:41:54 60.72 0.00000000 0.00000000 0.00 0.00 0.00 80.00 0.00 28 3 17 
20:41:55 60.92 0.00000000 0.00000000 0.00 0.00 0.00 80.00 0.00 28 3 17 
20:41:55 61.12 0.00000000 0.00000000 0.00 0.00 0.00 80.00 0.00 28 3 17 
