0:0:0 0.75 0.00000000 0.00000000 0.00 0.00 0.00 80.00 0.00 0 0 0 
0:0:0 0.95 0.00000000 0.00000000 0.00 0.00 0.00 80.00 0.00 0 0 0 
20:50:11 1.15 0.00000000 0.00000000 0.00 0.00 0.00 80.00 0.00 29 11 16 
20:50:11 1.35 0.00000000 0.00000000 0.00 0.00 0.00 80.00 0.00 29 11 16 
20:50:11 1.55 0.00000000 0.00000000 0.00 0.00 0.00 80.00 0.00 29 11 16 
20:50:11 1.75 0.00000000 0.00000000 0.00 0.00 0.00 80.00 0.00 29 11 16 
20:50:11 1.95 0.00000000 0.00000000 0.00 0.00 0.00 80.00 0.00 29 11 16 
20:50:12 2.16 0.00000000 0.00000000 0.00 0.00 0.00 80.00 0.00 29 11 16 
20:50:12 2.36 0.00000000 0.00000000 0.00 0.00 0.00 80.00 0.00 29 11 16 
20:50:12 2.56 0.00000000 0.00000000 0.00 0.00 0.00 80.00 0.00 29 11 16 
20:50:12 2.76 0.00000000 0.00000000 0.00 0.00 0.00 80.00 0.00 29 11 16 
20:50:12 2.96 0.00000000 0.00000000 0.00 0.00 0.00 80.00 0.00 29 11 16 
20:50:13 3.16 0.00000000 0.00000000 0.00 0.00 0.00 80.00 0.00 29 11 16 
20:50:13 3.36 0.00000000 0.00000000 0.00 0.00 0.00 80.00 0.00 29 11 16 
20:50:13 3.56 0.00000000 0.00000000 0.00 0.00 0.00 80.00 0.00 29 11 16 
20:50:13 3.76 0.00000000 0.00000000 0.00 0.00 0.00 80.00 0.00 29 11 16 
20:50:13 3.97 0.00000000 0.00000000 0.00 0.00 0.00 80.00 0.00 29 11 16 
20:50:14 4.17 0.00000000 0.00000000 0.00 0.00 0.00 80.00 0.00 29 11 16 
20:50:14 4.37 0.00000000 0.00000000 0.00 0.00 0.00 80.00 0.00 29 11 16 
20:50:14 4.57 0.00000000 0.00000000 0.00 0.00 0.00 80.00 0.00 29 11 16 
20:50:14 4.77 0.00000000 0.00000000 0.00 0.00 0.00 80.00 0.00 29 11 16 
20:50:14 4.97 0.00000000 0.00000000 0.00 0.00 0.00 80.00 0.00 29 11 16 
20:50:15 5.17 0.00000000 0.00000000 0.00 0.00 0.00 80.00 0.00 29 11 16 
20:50:15 5.37 0.00000000 0.00000000 0.00 0.00 0.00 80.00 0.00 29 11 16 
20:50:15 5.57 0.00000000 0.00000000 0.00 0.00 0.00 80.00 0.00 29 11 16 
20:50:15 5.77 0.00000000 0.00000000 0.00 0.00 0.00 80.00 0.00 29 11 16 
20:50:15 5.97 0.00000000 0.00000000 0.00 0.00 0.00 80.00 0.00 29 11 16 
20:50:16 6.17 0.00000000 0.00000000 0.00 0.00 0.00 80.00 0.00 29 11 16 
20:50:16 6.37 0.00000000 0.00000000 0.00 0.00 0.00 80.00 0.00 29 11 16 
20:50:16 6.57 0.00000000 0.00000000 0.00 0.00 0.00 80.00 0.00 29 11 16 
20:50:16 6.77 0.00000000 0.00000000 0.00 0.00 0.00 80.00 0.00 29 11 16 
20:50:16 6.98 0.00000000 0.00000000 0.00 0.00 0.00 80.00 0.00 29 11 16 
20:50:17 7.18 0.00000000 0.00000000 0.00 0.00 0.00 80.00 0.00 29 11 16 
20:50:17 7.38 0.00000000 0.00000000 0.00 0.00 0.00 80.00 0.00 29 11 16 
20:50:17 7.58 0.00000000 0.00000000 0.00 0.00 0.00 80.00 0.00 29 11 16 
20:50:17 7.78 0.00000000 0.00000000 0.00 0.00 0.00 80.00 0.00 29 11 16 
20:50:17 7.98 0.00000000 0.00000000 0.00 0.00 0.00 80.00 0.00 29 11 16 
20:50:18 8.18 0.00000000 0.00000000 0.00 0.00 0.00 80.00 0.00 29 11 16 
20:50:18 8.38 0.00000000 0.00000000 0.00 0.00 0.00 80.00 0.00 29 11 16 
20:50:18 8.58 0.00000000 0.00000000 0.00 0.00 0.00 80.00 0.00 29 11 16 
20:50:18 8.78 0.00000000 0.00000000 0.00 0.00 0.00 80.00 0.00 29 11 16 
20:50:18 8.98 0.00000000 0.00000000 0.00 0.00 0.00 80.00 0.00 29 11 16 
20:50:19 9.18 0.00000000 0.00000000 0.00 0.00 0.00 80.00 0.00 29 11 16 
