0:0:0 0.44 0.00000000 0.00000000 0.00 0.00 0.00 79.00 0.00 0 0 0 
0:0:0 0.64 0.00000000 0.00000000 0.00 0.00 0.00 80.00 0.00 0 0 0 
0:0:0 0.84 0.00000000 0.00000000 0.00 0.00 0.00 79.00 0.00 0 0 0 
0:0:0 1.04 0.00000000 0.00000000 0.00 0.00 0.00 80.00 0.00 0 0 0 
20:42:57 1.24 0.00000000 0.00000000 0.00 0.00 0.00 80.00 0.00 0 0 0 
20:42:57 1.44 0.00000000 0.00000000 0.00 0.00 0.00 80.00 0.00 0 0 0 
20:42:57 1.64 0.00000000 0.00000000 0.00 0.00 0.00 80.00 0.00 0 0 0 
20:42:57 1.84 0.00000000 0.00000000 0.00 0.00 0.00 80.00 0.00 0 0 0 
20:42:57 2.05 0.00000000 0.00000000 0.00 0.00 0.00 80.00 0.00 0 0 0 
20:42:57 2.25 0.00000000 0.00000000 0.00 0.00 0.00 80.00 0.00 0 0 0 
20:42:57 2.45 0.00000000 0.00000000 0.00 0.00 0.00 80.00 0.00 0 0 0 
20:42:57 2.65 0.00000000 0.00000000 0.00 0.00 0.00 80.00 0.00 0 0 0 
20:42:57 2.85 0.00000000 0.00000000 0.00 0.00 0.00 79.00 0.00 0 0 0 
20:42:57 3.05 0.00000000 0.00000000 0.00 0.00 0.00 80.00 0.00 0 0 0 
20:42:57 3.25 0.00000000 0.00000000 0.00 0.00 0.00 80.00 0.00 0 0 0 
20:42:57 3.45 0.00000000 0.00000000 0.00 0.00 0.00 80.00 0.00 0 0 0 
20:42:57 3.65 0.00000000 0.00000000 0.00 0.00 0.00 80.00 0.00 0 0 0 
20:42:57 3.85 0.00000000 0.00000000 0.00 0.00 0.00 80.00 0.00 0 0 0 
20:42:57 4.05 0.00000000 0.00000000 0.00 0.00 0.00 80.00 0.00 0 0 0 
20:43:0 4.26 0.00000000 0.00000000 0.00 0.00 0.00 80.00 0.00 0 0 0 
20:43:0 4.46 0.00000000 0.00000000 0.00 0.00 0.00 79.00 0.00 0 0 0 
20:43:0 4.66 0.00000000 0.00000000 0.00 0.00 0.00 80.00 0.00 0 0 0 
20:43:0 4.86 0.00000000 0.00000000 0.00 0.00 0.00 80.00 0.00 0 0 0 
20:43:0 5.06 0.00000000 0.00000000 0.00 0.00 0.00 80.00 0.00 0 0 0 
20:43:1 5.26 0.00000000 0.00000000 0.00 0.00 0.00 80.00 0.00 28 3 17 
20:43:1 5.46 0.00000000 0.00000000 0.00 0.00 0.00 80.00 0.00 28 3 17 
20:43:1 5.66 0.00000000 0.00000000 0.00 0.00 0.00 80.00 0.00 28 3 17 
20:43:1 5.86 0.00000000 0.00000000 0.00 0.00 0.00 80.00 0.00 28 3 17 
20:43:1 6.06 0.00000000 0.00000000 0.00 0.00 0.00 79.00 0.00 28 3 17 
20:43:2 6.26 0.00000000 0.00000000 0.00 0.00 0.00 80.00 0.00 28 3 17 
20:43:2 6.46 0.00000000 0.00000000 0.00 0.00 0.00 80.00 0.00 28 3 17 
20:43:2 6.66 0.00000000 0.00000000 0.00 0.00 0.00 80.00 0.00 28 3 17 
20:43:2 6.86 0.00000000 0.00000000 0.00 0.00 0.00 80.00 0.00 28 3 17 
20:43:2 7.06 0.00000000 0.00000000 0.00 0.00 0.00 79.00 0.00 28 3 17 
20:43:3 7.26 0.00000000 0.00000000 0.00 0.00 0.00 80.00 0.00 28 3 17 
20:43:3 7.46 0.00000000 0.00000000 0.00 0.00 0.00 79.00 0.00 28 3 17 
20:43:3 7.67 0.00000000 0.00000000 0.00 0.00 0.00 79.00 0.00 28 3 17 
20:43:3 7.87 0.00000000 0.00000000 0.00 0.00 0.00 80.00 0.00 28 3 17 
20:43:3 8.07 0.00000000 0.00000000 0.00 0.00 0.00 80.00 0.00 28 3 17 
20:43:3 8.27 0.00000000 0.00000000 0.00 0.00 0.00 79.00 0.00 28 3 17 
20:43:3 8.47 0.00000000 0.00000000 0.00 0.00 0.00 79.00 0.00 28 3 17 
20:43:3 8.67 0.00000000 0.00000000 0.00 0.00 0.00 79.00 0.00 28 3 17 
20:43:3 8.87 0.00000000 0.00000000 0.00 0.00 0.00 79.00 0.00 28 3 17 
20:43:3 9.07 0.00000000 0.00000000 0.00 0.00 0.00 80.00 0.00 28 3 17 
20:43:3 9.27 0.00000000 0.00000000 0.00 0.00 0.00 79.00 0.00 28 3 17 
20:43:3 9.48 0.00000000 0.00000000 0.00 0.00 0.00 80.00 0.00 28 3 17 
20:43:3 9.68 0.00000000 0.00000000 0.00 0.00 0.00 80.00 0.00 28 3 17 
20:43:3 9.88 0.00000000 0.00000000 0.00 0.00 0.00 80.00 0.00 28 3 17 
20:43:3 10.08 0.00000000 0.00000000 0.00 0.00 0.00 80.00 0.00 28 3 17 
20:43:6 10.28 0.00000000 0.00000000 0.00 0.00 0.00 80.00 0.00 28 3 17 
20:43:6 10.48 0.00000000 0.00000000 0.00 0.00 0.00 80.00 0.00 28 3 17 
20:43:6 10.68 0.00000000 0.00000000 0.00 0.00 0.00 80.00 0.00 28 3 17 
20:43:6 10.88 0.00000000 0.00000000 0.00 0.00 0.00 80.00 0.00 28 3 17 
20:43:6 11.08 0.00000000 0.00000000 0.00 0.00 0.00 79.00 0.00 28 3 17 
20:43:7 11.28 0.00000000 0.00000000 0.00 0.00 0.00 80.00 0.00 28 3 17 
20:43:7 11.48 0.00000000 0.00000000 0.00 0.00 0.00 80.00 0.00 28 3 17 
20:43:7 11.68 0.00000000 0.00000000 0.00 0.00 0.00 80.00 0.00 28 3 17 
20:43:7 11.88 0.00000000 0.00000000 0.00 0.00 0.00 80.00 0.00 28 3 17 
20:43:7 12.08 0.00000000 0.00000000 0.00 0.00 0.00 79.00 0.00 28 3 17 
20:43:8 12.28 0.00000000 0.00000000 0.00 0.00 0.00 80.00 0.00 28 3 17 
20:43:8 12.48 0.00000000 0.00000000 0.00 0.00 0.00 79.00 0.00 28 3 17 
20:43:8 12.69 0.00000000 0.00000000 0.00 0.00 0.00 80.00 0.00 28 3 17 
20:43:8 12.89 0.00000000 0.00000000 0.00 0.00 0.00 79.00 0.00 28 3 17 
20:43:8 13.09 0.00000000 0.00000000 0.00 0.00 0.00 80.00 0.00 28 3 17 
20:43:9 13.29 0.00000000 0.00000000 0.00 0.00 0.00 80.00 0.00 28 3 17 
20:43:9 13.49 0.00000000 0.00000000 0.00 0.00 0.00 80.00 0.00 28 3 17 
20:43:9 13.69 0.00000000 0.00000000 0.00 0.00 0.00 80.00 0.00 28 3 17 
20:43:9 13.89 0.00000000 0.00000000 0.00 0.00 0.00 80.00 0.00 28 3 17 
20:43:10 14.10 0.00000000 0.00000000 0.00 0.00 0.00 80.00 0.00 28 3 17 
20:43:10 14.30 0.00000000 0.00000000 0.00 0.00 0.00 79.00 0.00 28 3 17 
20:43:10 14.50 0.00000000 0.00000000 0.00 0.00 0.00 79.00 0.00 28 3 17 
20:43:10 14.70 0.00000000 0.00000000 0.00 0.00 0.00 80.00 0.00 28 3 17 
20:43:10 14.90 0.00000000 0.00000000 0.00 0.00 0.00 79.00 0.00 28 3 17 
20:43:10 15.10 0.00000000 0.00000000 0.00 0.00 0.00 80.00 0.00 28 3 17 
20:43:11 15.30 0.00000000 0.00000000 0.00 0.00 0.00 80.00 0.00 28 3 17 
20:43:11 15.50 0.00000000 0.00000000 0.00 0.00 0.00 79.00 0.00 28 3 17 
20:43:11 15.70 0.00000000 0.00000000 0.00 0.00 0.00 80.00 0.00 28 3 17 
20:43:11 15.90 0.00000000 0.00000000 0.00 0.00 0.00 80.00 0.00 28 3 17 
20:43:12 16.10 0.00000000 0.00000000 0.00 0.00 0.00 80.00 0.00 28 3 17 
20:43:12 16.31 0.00000000 0.00000000 0.00 0.00 0.00 80.00 0.00 28 3 17 
20:43:12 16.51 0.00000000 0.00000000 0.00 0.00 0.00 80.00 0.00 28 3 17 
20:43:12 16.71 0.00000000 0.00000000 0.00 0.00 0.00 80.00 0.00 28 3 17 
20:43:12 16.91 0.00000000 0.00000000 0.00 0.00 0.00 80.00 0.00 28 3 17 
20:43:13 17.11 0.00000000 0.00000000 0.00 0.00 0.00 80.00 0.00 28 3 17 
20:43:13 17.31 0.00000000 0.00000000 0.00 0.00 0.00 80.00 0.00 28 3 17 
20:43:13 17.52 0.00000000 0.00000000 0.00 0.00 0.00 80.00 0.00 28 3 17 
20:43:13 17.72 0.00000000 0.00000000 0.00 0.00 0.00 80.00 0.00 28 3 17 
20:43:13 17.92 0.00000000 0.00000000 0.00 0.00 0.00 80.00 0.00 28 3 17 
20:43:14 18.12 0.00000000 0.00000000 0.00 0.00 0.00 80.00 0.00 28 3 17 
20:43:14 18.32 0.00000000 0.00000000 0.00 0.00 0.00 80.00 0.00 28 3 17 
20:43:14 18.52 0.00000000 0.00000000 0.00 0.00 0.00 80.00 0.00 28 3 17 
20:43:14 18.72 0.00000000 0.00000000 0.00 0.00 0.00 79.00 0.00 28 3 17 
20:43:14 18.92 0.00000000 0.00000000 0.00 0.00 0.00 79.00 0.00 28 3 17 
20:43:15 19.13 0.00000000 0.00000000 0.00 0.00 0.00 80.00 0.00 28 3 17 
20:43:15 19.33 0.00000000 0.00000000 0.00 0.00 0.00 80.00 0.00 28 3 17 
20:43:15 19.53 0.00000000 0.00000000 0.00 0.00 0.00 80.00 0.00 28 3 17 
20:43:15 19.73 0.00000000 0.00000000 0.00 0.00 0.00 80.00 0.00 28 3 17 
20:43:15 19.93 0.00000000 0.00000000 0.00 0.00 0.00 80.00 0.00 28 3 17 
20:43:16 20.13 0.00000000 0.00000000 0.00 0.00 0.00 80.00 0.00 28 3 17 
20:43:16 20.33 0.00000000 0.00000000 0.00 0.00 0.00 80.00 0.00 28 3 17 
20:43:16 20.53 0.00000000 0.00000000 0.00 0.00 0.00 80.00 0.00 28 3 17 
20:43:16 20.74 0.00000000 0.00000000 0.00 0.00 0.00 80.00 0.00 28 3 17 
20:43:16 20.94 0.00000000 0.00000000 0.00 0.00 0.00 80.00 0.00 28 3 17 
20:43:17 21.14 0.00000000 0.00000000 0.00 0.00 0.00 80.00 0.00 28 3 17 
20:43:17 21.34 0.00000000 0.00000000 0.00 0.00 0.00 80.00 0.00 28 3 17 
20:43:17 21.54 0.00000000 0.00000000 0.00 0.00 0.00 80.00 0.00 28 3 17 
20:43:17 21.74 0.00000000 0.00000000 0.00 0.00 0.00 80.00 0.00 28 3 17 
20:43:17 21.94 0.00000000 0.00000000 0.00 0.00 0.00 80.00 0.00 28 3 17 
20:43:18 22.14 0.00000000 0.00000000 0.00 0.00 0.00 80.00 0.00 28 3 17 
20:43:18 22.34 0.00000000 0.00000000 0.00 0.00 0.00 80.00 0.00 28 3 17 
20:43:18 22.55 0.00000000 0.00000000 0.00 0.00 0.00 80.00 0.00 28 3 17 
