0:0:0 0.78 0.00000000 0.00000000 -99.00 -99.00 0.00 80.00 0.00 23.61 1006.57 54.33 0 0 17 
0:0:0 0.98 0.00000000 0.00000000 -99.00 -99.00 0.00 80.00 0.00 23.66 1006.59 54.34 0 0 17 
0:0:0 1.18 0.00000000 0.00000000 -99.00 -99.00 0.00 80.00 0.00 23.68 1006.61 54.34 0 0 17 
0:0:0 1.39 0.00000000 0.00000000 -99.00 -99.00 0.00 80.00 0.00 23.69 1006.60 54.35 0 0 17 
20:56:17 1.59 0.00000000 0.00000000 -99.00 -99.00 0.00 80.00 0.00 23.69 1006.59 54.32 28 3 17 
20:56:17 1.79 0.00000000 0.00000000 -99.00 -99.00 0.00 80.00 0.00 23.70 1006.57 54.31 28 3 17 
20:56:17 1.99 0.00000000 0.00000000 -99.00 -99.00 0.00 80.00 0.00 23.70 1006.58 54.29 28 3 17 
20:56:17 2.19 0.00000000 0.00000000 -99.00 -99.00 0.00 80.00 0.00 23.70 1006.56 54.29 28 3 17 
20:56:18 2.39 0.00000000 0.00000000 -99.00 -99.00 0.00 80.00 0.00 23.70 1006.58 54.27 28 3 17 
20:56:18 2.59 0.00000000 0.00000000 -99.00 -99.00 0.00 80.00 0.00 23.70 1006.54 54.26 28 3 17 
20:56:18 2.79 0.00000000 0.00000000 -99.00 -99.00 0.00 79.00 0.00 23.70 1006.60 54.27 28 3 17 
20:56:18 3.00 0.00000000 0.00000000 -99.00 -99.00 0.00 80.00 0.00 23.70 1006.65 54.24 28 3 17 
20:56:18 3.20 0.00000000 0.00000000 -99.00 -99.00 0.00 80.00 0.00 23.70 1006.58 54.24 28 3 17 
20:56:19 3.40 0.00000000 0.00000000 -99.00 -99.00 0.00 80.00 0.00 23.70 1006.55 54.19 28 3 17 
20:56:19 3.60 0.00000000 0.00000000 -99.00 -99.00 0.00 79.00 0.00 23.70 1006.59 54.22 28 3 17 
20:56:19 3.80 0.00000000 0.00000000 -99.00 -99.00 0.00 80.00 0.00 23.70 1006.58 54.21 28 3 17 
20:56:19 4.00 0.00000000 0.00000000 -99.00 -99.00 0.00 79.00 0.00 23.70 1006.58 54.20 28 3 17 
20:56:19 4.20 0.00000000 0.00000000 -99.00 -99.00 0.00 79.00 0.00 23.70 1006.58 54.19 28 3 17 
20:56:20 4.40 0.00000000 0.00000000 -99.00 -99.00 0.00 80.00 0.00 23.70 1006.59 54.18 28 3 17 
20:56:20 4.60 0.00000000 0.00000000 -99.00 -99.00 0.00 80.00 0.00 23.70 1006.57 54.18 28 3 17 
20:56:20 4.80 0.00000000 0.00000000 -99.00 -99.00 0.00 80.00 0.00 23.70 1006.54 54.16 28 3 17 
20:56:20 5.00 0.00000000 0.00000000 -99.00 -99.00 0.00 79.00 0.00 23.70 1006.57 54.17 28 3 17 
20:56:20 5.21 0.00000000 0.00000000 -99.00 -99.00 0.00 80.00 0.00 23.71 1006.62 54.17 28 3 17 
20:56:21 5.41 0.00000000 0.00000000 -99.00 -99.00 0.00 80.00 0.00 23.71 1006.58 54.24 28 3 17 
20:56:21 5.61 0.00000000 0.00000000 -99.00 -99.00 0.00 79.00 0.00 23.71 1006.59 54.17 28 3 17 
20:56:21 5.81 0.00000000 0.00000000 -99.00 -99.00 0.00 80.00 0.00 23.71 1006.57 54.17 28 3 17 
20:56:21 6.01 0.00000000 0.00000000 -99.00 -99.00 0.00 80.00 0.00 23.71 1006.56 54.17 28 3 17 
20:56:21 6.21 0.00000000 0.00000000 -99.00 -99.00 0.00 79.00 0.00 23.71 1006.58 54.17 28 3 17 
20:56:22 6.41 0.00000000 0.00000000 -99.00 -99.00 0.00 80.00 0.00 23.71 1006.58 54.16 28 3 17 
20:56:22 6.61 0.00000000 0.00000000 -99.00 -99.00 0.00 80.00 0.00 23.71 1006.58 54.16 28 3 17 
20:56:22 6.81 0.00000000 0.00000000 -99.00 -99.00 0.00 80.00 0.00 23.71 1006.62 54.16 28 3 17 
20:56:22 7.01 0.00000000 0.00000000 -99.00 -99.00 0.00 80.00 0.00 23.71 1006.57 54.15 28 3 17 
20:56:22 7.21 0.00000000 0.00000000 -99.00 -99.00 0.00 79.00 0.00 23.71 1006.60 54.15 28 3 17 
20:56:23 7.41 0.00000000 0.00000000 -99.00 -99.00 0.00 80.00 0.00 23.71 1006.59 54.15 28 3 17 
20:56:23 7.61 0.00000000 0.00000000 -99.00 -99.00 0.00 79.00 0.00 23.72 1006.57 54.15 28 3 17 
20:56:23 7.82 0.00000000 0.00000000 -99.00 -99.00 0.00 79.00 0.00 23.71 1006.59 54.15 28 3 17 
20:56:23 8.02 0.00000000 0.00000000 -99.00 -99.00 0.00 79.00 0.00 23.71 1006.54 54.14 28 3 17 
20:56:23 8.22 0.00000000 0.00000000 -99.00 -99.00 0.00 80.00 0.00 23.71 1006.55 54.14 28 3 17 
20:56:24 8.42 0.00000000 0.00000000 -99.00 -99.00 0.00 79.00 0.00 23.71 1006.54 54.13 28 3 17 
20:56:24 8.62 0.00000000 0.00000000 -99.00 -99.00 0.00 80.00 0.00 23.71 1006.58 54.14 28 3 17 
20:56:24 8.82 0.00000000 0.00000000 -99.00 -99.00 0.00 79.00 0.00 23.71 1006.56 54.13 28 3 17 
20:56:24 9.02 0.00000000 0.00000000 -99.00 -99.00 0.00 79.00 0.00 23.71 1006.60 54.13 28 3 17 
20:56:24 9.22 0.00000000 0.00000000 -99.00 -99.00 0.00 80.00 0.00 23.71 1006.61 54.14 28 3 17 
20:56:25 9.42 0.00000000 0.00000000 -99.00 -99.00 0.00 79.00 0.00 23.71 1006.60 54.13 28 3 17 
20:56:25 9.62 0.00000000 0.00000000 -99.00 -99.00 0.00 80.00 0.00 23.71 1006.58 54.13 28 3 17 
20:56:25 9.82 0.00000000 0.00000000 -99.00 -99.00 0.00 80.00 0.00 23.71 1006.59 54.13 28 3 17 
20:56:25 10.02 0.00000000 0.00000000 -99.00 -99.00 0.00 79.00 0.00 23.72 1006.55 54.13 28 3 17 
20:56:25 10.23 0.00000000 0.00000000 -99.00 -99.00 0.00 80.00 0.00 23.71 1006.51 54.13 28 3 17 
20:56:26 10.43 0.00000000 0.00000000 -99.00 -99.00 0.00 80.00 0.00 23.71 1006.50 54.12 28 3 17 
20:56:26 10.63 0.00000000 0.00000000 -99.00 -99.00 0.00 80.00 0.00 23.72 1006.57 54.13 28 3 17 
20:56:26 10.83 0.00000000 0.00000000 -99.00 -99.00 0.00 79.00 0.00 23.72 1006.52 54.14 28 3 17 
20:56:26 11.03 0.00000000 0.00000000 -99.00 -99.00 0.00 80.00 0.00 23.72 1006.55 54.13 28 3 17 
20:56:26 11.23 0.00000000 0.00000000 -99.00 -99.00 0.00 79.00 0.00 23.72 1006.53 54.13 28 3 17 
20:56:27 11.43 0.00000000 0.00000000 -99.00 -99.00 0.00 80.00 0.00 23.72 1006.51 54.14 28 3 17 
20:56:27 11.63 0.00000000 0.00000000 -99.00 -99.00 0.00 80.00 0.00 23.72 1006.58 54.14 28 3 17 
20:56:27 11.83 0.00000000 0.00000000 -99.00 -99.00 0.00 80.00 0.00 23.72 1006.57 54.13 28 3 17 
20:56:27 12.03 0.00000000 0.00000000 -99.00 -99.00 0.00 80.00 0.00 23.72 1006.59 54.13 28 3 17 
20:56:27 12.23 0.00000000 0.00000000 -99.00 -99.00 0.00 80.00 0.00 23.72 1006.59 54.13 28 3 17 
20:56:28 12.44 0.00000000 0.00000000 -99.00 -99.00 0.00 80.00 0.00 23.72 1006.54 54.13 28 3 17 
20:56:28 12.64 0.00000000 0.00000000 -99.00 -99.00 0.00 79.00 0.00 23.72 1006.51 54.14 28 3 17 
20:56:28 12.84 0.00000000 0.00000000 -99.00 -99.00 0.00 80.00 0.00 23.72 1006.52 54.13 28 3 17 
20:56:28 13.04 0.00000000 0.00000000 -99.00 -99.00 0.00 79.00 0.00 23.72 1006.50 54.14 28 3 17 
20:56:28 13.24 0.00000000 0.00000000 -99.00 -99.00 0.00 80.00 0.00 23.72 1006.55 54.14 28 3 17 
20:56:29 13.44 0.00000000 0.00000000 -99.00 -99.00 0.00 80.00 0.00 23.72 1006.57 54.14 28 3 17 
20:56:29 13.64 0.00000000 0.00000000 -99.00 -99.00 0.00 80.00 0.00 23.72 1006.53 54.14 28 3 17 
20:56:29 13.84 0.00000000 0.00000000 -99.00 -99.00 0.00 80.00 0.00 23.72 1006.54 54.14 28 3 17 
20:56:29 14.04 0.00000000 0.00000000 -99.00 -99.00 0.00 80.00 0.00 23.72 1006.53 54.15 28 3 17 
20:56:29 14.24 0.00000000 0.00000000 -99.00 -99.00 0.00 80.00 0.00 23.72 1006.59 54.15 28 3 17 
20:56:30 14.44 0.00000000 0.00000000 -99.00 -99.00 0.00 79.00 0.00 23.72 1006.57 54.15 28 3 17 
20:56:30 14.64 0.00000000 0.00000000 -99.00 -99.00 0.00 79.00 0.00 23.72 1006.55 54.15 28 3 17 
20:56:30 14.84 0.00000000 0.00000000 -99.00 -99.00 0.00 79.00 0.00 23.72 1006.52 54.15 28 3 17 
20:56:30 15.04 0.00000000 0.00000000 -99.00 -99.00 0.00 79.00 0.00 23.72 1006.47 54.16 28 3 17 
20:56:30 15.24 0.00000000 0.00000000 -99.00 -99.00 0.00 79.00 0.00 23.73 1006.54 54.16 28 3 17 
20:56:31 15.45 0.00000000 0.00000000 -99.00 -99.00 0.00 80.00 0.00 23.73 1006.57 54.16 28 3 17 
20:56:31 15.65 0.00000000 0.00000000 -99.00 -99.00 0.00 80.00 0.00 23.73 1006.53 54.16 28 3 17 
20:56:31 15.85 0.00000000 0.00000000 -99.00 -99.00 0.00 80.00 0.00 23.73 1006.61 54.16 28 3 17 
20:56:31 16.05 0.00000000 0.00000000 -99.00 -99.00 0.00 80.00 0.00 23.73 1006.52 54.15 28 3 17 
20:56:31 16.25 0.00000000 0.00000000 -99.00 -99.00 0.00 80.00 0.00 23.72 1006.57 54.15 28 3 17 
20:56:32 16.45 0.00000000 0.00000000 -99.00 -99.00 0.00 80.00 0.00 23.73 1006.56 54.15 28 3 17 
20:56:32 16.65 0.00000000 0.00000000 -99.00 -99.00 0.00 80.00 0.00 23.73 1006.49 54.15 28 3 17 
20:56:32 16.85 0.00000000 0.00000000 -99.00 -99.00 0.00 80.00 0.00 23.73 1006.52 54.14 28 3 17 
20:56:32 17.05 0.00000000 0.00000000 -99.00 -99.00 0.00 79.00 0.00 23.73 1006.53 54.14 28 3 17 
20:56:32 17.26 0.00000000 0.00000000 -99.00 -99.00 0.00 80.00 0.00 23.73 1006.55 54.13 28 3 17 
20:56:33 17.46 0.00000000 0.00000000 -99.00 -99.00 0.00 80.00 0.00 23.72 1006.48 54.14 28 3 17 
20:56:33 17.66 0.00000000 0.00000000 -99.00 -99.00 0.00 80.00 0.00 23.73 1006.48 54.13 28 3 17 
20:56:33 17.86 0.00000000 0.00000000 -99.00 -99.00 0.00 80.00 0.00 23.72 1006.48 54.13 28 3 17 
20:56:33 18.06 0.00000000 0.00000000 -99.00 -99.00 0.00 79.00 0.00 23.73 1006.47 54.12 28 3 17 
20:56:33 18.26 0.00000000 0.00000000 -99.00 -99.00 0.00 80.00 0.00 23.73 1006.51 54.13 28 3 17 
20:56:34 18.46 0.00000000 0.00000000 -99.00 -99.00 0.00 79.00 0.00 23.73 1006.54 54.12 28 3 17 
20:56:34 18.66 0.00000000 0.00000000 -99.00 -99.00 0.00 79.00 0.00 23.73 1006.48 54.12 28 3 17 
20:56:34 18.86 0.00000000 0.00000000 -99.00 -99.00 0.00 80.00 0.00 23.72 1006.50 54.11 28 3 17 
20:56:34 19.07 0.00000000 0.00000000 -99.00 -99.00 0.00 79.00 0.00 23.73 1006.47 54.11 28 3 17 
20:56:34 19.27 0.00000000 0.00000000 -99.00 -99.00 0.00 79.00 0.00 23.73 1006.51 54.11 28 3 17 
20:56:35 19.47 0.00000000 0.00000000 -99.00 -99.00 0.00 80.00 0.00 23.73 1006.48 54.10 28 3 17 
20:56:35 19.67 0.00000000 0.00000000 -99.00 -99.00 0.00 79.00 0.00 23.72 1006.44 54.09 28 3 17 
20:56:35 19.87 0.00000000 0.00000000 -99.00 -99.00 0.00 79.00 0.00 23.72 1006.47 54.09 28 3 17 
20:56:35 20.07 0.00000000 0.00000000 -99.00 -99.00 0.00 80.00 0.00 23.72 1006.50 54.09 28 3 17 
20:56:35 20.27 0.00000000 0.00000000 -99.00 -99.00 0.00 79.00 0.00 23.72 1006.50 54.09 28 3 17 
20:56:36 20.47 0.00000000 0.00000000 -99.00 -99.00 0.00 80.00 0.00 23.72 1006.47 54.09 28 3 17 
20:56:36 20.67 0.00000000 0.00000000 -99.00 -99.00 0.00 80.00 0.00 23.73 1006.48 54.10 28 3 17 
20:56:36 20.88 0.00000000 0.00000000 -99.00 -99.00 0.00 80.00 0.00 23.73 1006.48 54.10 28 3 17 
20:56:36 21.08 0.00000000 0.00000000 -99.00 -99.00 0.00 79.00 0.00 23.73 1006.47 54.06 28 3 17 
20:56:36 21.28 0.00000000 0.00000000 -99.00 -99.00 0.00 80.00 0.00 23.73 1006.48 54.10 28 3 17 
20:56:37 21.48 0.00000000 0.00000000 -99.00 -99.00 0.00 80.00 0.00 23.72 1006.45 54.08 28 3 17 
20:56:37 21.68 0.00000000 0.00000000 -99.00 -99.00 0.00 79.00 0.00 23.73 1006.45 54.08 28 3 17 
20:56:37 21.88 0.00000000 0.00000000 -99.00 -99.00 0.00 79.00 0.00 23.73 1006.54 54.08 28 3 17 
20:56:37 22.08 0.00000000 0.00000000 -99.00 -99.00 0.00 79.00 0.00 23.73 1006.48 54.08 28 3 17 
20:56:37 22.28 0.00000000 0.00000000 -99.00 -99.00 0.00 80.00 0.00 23.73 1006.47 54.08 28 3 17 
20:56:38 22.49 0.00000000 0.00000000 -99.00 -99.00 0.00 79.00 0.00 23.73 1006.51 54.08 28 3 17 
20:56:38 22.69 0.00000000 0.00000000 -99.00 -99.00 0.00 79.00 0.00 23.73 1006.48 54.08 28 3 17 
20:56:38 22.89 0.00000000 0.00000000 -99.00 -99.00 0.00 80.00 0.00 23.73 1006.47 54.08 28 3 17 
20:56:38 23.09 0.00000000 0.00000000 -99.00 -99.00 0.00 79.00 0.00 23.73 1006.50 54.07 28 3 17 
20:56:38 23.29 0.00000000 0.00000000 -99.00 -99.00 0.00 79.00 0.00 23.73 1006.49 54.07 28 3 17 
20:56:39 23.49 0.00000000 0.00000000 -99.00 -99.00 0.00 80.00 0.00 23.73 1006.50 54.07 28 3 17 
20:56:39 23.69 0.00000000 0.00000000 -99.00 -99.00 0.00 80.00 0.00 23.73 1006.51 54.07 28 3 17 
20:56:39 23.89 0.00000000 0.00000000 -99.00 -99.00 0.00 80.00 0.00 23.73 1006.50 54.07 28 3 17 
20:56:39 24.09 0.00000000 0.00000000 -99.00 -99.00 0.00 80.00 0.00 23.73 1006.48 54.08 28 3 17 
20:56:39 24.30 0.00000000 0.00000000 -99.00 -99.00 0.00 80.00 0.00 23.73 1006.50 54.08 28 3 17 
20:56:40 24.50 0.00000000 0.00000000 -99.00 -99.00 0.00 80.00 0.00 23.73 1006.56 54.10 28 3 17 
20:56:40 24.70 0.00000000 0.00000000 -99.00 -99.00 0.00 80.00 0.00 23.73 1006.56 54.10 28 3 17 
20:56:40 24.90 0.00000000 0.00000000 -99.00 -99.00 0.00 80.00 0.00 23.73 1006.52 54.10 28 3 17 
20:56:40 25.10 0.00000000 0.00000000 -99.00 -99.00 0.00 80.00 0.00 23.73 1006.45 54.11 28 3 17 
20:56:40 25.30 0.00000000 0.00000000 -99.00 -99.00 0.00 79.00 0.00 23.73 1006.51 54.13 28 3 17 
20:56:41 25.50 0.00000000 0.00000000 -99.00 -99.00 0.00 79.00 0.00 23.73 1006.53 54.11 28 3 17 
20:56:41 25.70 0.00000000 0.00000000 -99.00 -99.00 0.00 79.00 0.00 23.73 1006.53 54.12 28 3 17 
20:56:41 25.90 0.00000000 0.00000000 -99.00 -99.00 0.00 79.00 0.00 23.73 1006.53 54.13 28 3 17 
20:56:41 26.11 0.00000000 0.00000000 -99.00 -99.00 0.00 80.00 0.00 23.73 1006.55 54.14 28 3 17 
20:56:41 26.31 0.00000000 0.00000000 -99.00 -99.00 0.00 79.00 0.00 23.73 1006.53 54.14 28 3 17 
20:56:42 26.51 0.00000000 0.00000000 -99.00 -99.00 0.00 79.00 0.00 23.73 1006.60 54.14 28 3 17 
20:56:42 26.71 0.00000000 0.00000000 -99.00 -99.00 0.00 80.00 0.00 23.73 1006.53 54.15 28 3 17 
20:56:42 26.91 0.00000000 0.00000000 -99.00 -99.00 0.00 80.00 0.00 23.73 1006.54 54.15 28 3 17 
20:56:42 27.11 0.00000000 0.00000000 -99.00 -99.00 0.00 79.00 0.00 23.74 1006.57 54.15 28 3 17 
20:56:42 27.31 0.00000000 0.00000000 -99.00 -99.00 0.00 80.00 0.00 23.73 1006.56 54.15 28 3 17 
20:56:43 27.51 0.00000000 0.00000000 -99.00 -99.00 0.00 80.00 0.00 23.73 1006.55 54.15 28 3 17 
20:56:43 27.71 0.00000000 0.00000000 -99.00 -99.00 0.00 79.00 0.00 23.73 1006.51 54.16 28 3 17 
20:56:43 27.92 0.00000000 0.00000000 -99.00 -99.00 0.00 80.00 0.00 23.73 1006.58 54.16 28 3 17 
20:56:43 28.12 0.00000000 0.00000000 -99.00 -99.00 0.00 80.00 0.00 23.73 1006.49 54.17 28 3 17 
20:56:43 28.32 0.00000000 0.00000000 -99.00 -99.00 0.00 80.00 0.00 23.74 1006.52 54.22 28 3 17 
20:56:44 28.52 0.00000000 0.00000000 -99.00 -99.00 0.00 80.00 0.00 23.74 1006.51 54.24 28 3 17 
20:56:44 28.72 0.00000000 0.00000000 -99.00 -99.00 0.00 79.00 0.00 23.73 1006.50 54.24 28 3 17 
20:56:44 28.92 0.00000000 0.00000000 -99.00 -99.00 0.00 80.00 0.00 23.73 1006.52 54.25 28 3 17 
20:56:44 29.12 0.00000000 0.00000000 -99.00 -99.00 0.00 79.00 0.00 23.74 1006.51 54.26 28 3 17 
20:56:44 29.32 0.00000000 0.00000000 -99.00 -99.00 0.00 80.00 0.00 23.73 1006.51 54.27 28 3 17 
20:56:45 29.53 0.00000000 0.00000000 -99.00 -99.00 0.00 80.00 0.00 23.74 1006.55 54.35 28 3 17 
20:56:45 29.73 0.00000000 0.00000000 -99.00 -99.00 0.00 79.00 0.00 23.74 1006.56 54.29 28 3 17 
20:56:45 29.93 0.00000000 0.00000000 -99.00 -99.00 0.00 80.00 0.00 23.74 1006.52 54.29 28 3 17 
20:56:45 30.13 0.00000000 0.00000000 -99.00 -99.00 0.00 80.00 0.00 23.74 1006.58 54.30 28 3 17 
20:56:45 30.33 0.00000000 0.00000000 -99.00 -99.00 0.00 80.00 0.00 23.74 1006.60 54.30 28 3 17 
20:56:45 30.53 0.00000000 0.00000000 -99.00 -99.00 0.00 80.00 0.00 23.74 1006.57 54.30 28 3 17 
20:56:45 30.73 0.00000000 0.00000000 -99.00 -99.00 0.00 79.00 0.00 23.74 1006.48 54.30 28 3 17 
20:56:45 30.93 0.00000000 0.00000000 -99.00 -99.00 0.00 79.00 0.00 23.74 1006.54 54.30 28 3 17 
20:56:45 31.13 0.00000000 0.00000000 -99.00 -99.00 0.00 80.00 0.00 23.75 1006.56 54.30 28 3 17 
20:56:45 31.34 0.00000000 0.00000000 -99.00 -99.00 0.00 80.00 0.00 23.75 1006.53 54.30 28 3 17 
20:56:45 31.54 0.00000000 0.00000000 -99.00 -99.00 0.00 80.00 0.00 23.75 1006.51 54.31 28 3 17 
20:56:45 31.74 0.00000000 0.00000000 -99.00 -99.00 0.00 80.00 0.00 23.74 1006.51 54.29 28 3 17 
20:56:45 31.94 0.00000000 0.00000000 -99.00 -99.00 0.00 79.00 0.00 23.74 1006.54 54.29 28 3 17 
20:56:45 32.14 0.00000000 0.00000000 -99.00 -99.00 0.00 80.00 0.00 23.74 1006.51 54.29 28 3 17 
20:56:45 32.34 0.00000000 0.00000000 -99.00 -99.00 0.00 79.00 0.00 23.74 1006.52 54.33 28 3 17 
20:56:47 32.54 0.00000000 0.00000000 -99.00 -99.00 0.00 80.00 0.00 23.75 1006.55 54.27 28 3 17 
20:56:47 32.75 0.00000000 0.00000000 -99.00 -99.00 0.00 80.00 0.00 23.74 1006.51 54.27 28 3 17 
20:56:47 32.95 0.00000000 0.00000000 -99.00 -99.00 0.00 80.00 0.00 23.75 1006.52 54.26 28 3 17 
20:56:47 33.15 0.00000000 0.00000000 -99.00 -99.00 0.00 80.00 0.00 23.74 1006.51 54.26 28 3 17 
20:56:47 33.35 0.00000000 0.00000000 -99.00 -99.00 0.00 80.00 0.00 23.75 1006.59 54.25 28 3 17 
20:56:48 33.55 0.00000000 0.00000000 -99.00 -99.00 0.00 80.00 0.00 23.74 1006.50 54.25 28 3 17 
20:56:48 33.75 0.00000000 0.00000000 -99.00 -99.00 0.00 80.00 0.00 23.74 1006.57 54.27 28 3 17 
20:56:48 33.95 0.00000000 0.00000000 -99.00 -99.00 0.00 80.00 0.00 23.74 1006.51 54.25 28 3 17 
20:56:48 34.15 0.00000000 0.00000000 -99.00 -99.00 0.00 80.00 0.00 23.75 1006.54 54.25 28 3 17 
20:56:48 34.35 0.00000000 0.00000000 -99.00 -99.00 0.00 79.00 0.00 23.75 1006.52 54.23 28 3 17 
20:56:50 34.56 0.00000000 0.00000000 -99.00 -99.00 0.00 79.00 0.00 23.74 1006.51 54.28 28 3 17 
20:56:50 34.76 0.00000000 0.00000000 -99.00 -99.00 0.00 79.00 0.00 23.74 1006.46 54.28 28 3 17 
20:56:50 34.96 0.00000000 0.00000000 -99.00 -99.00 0.00 80.00 0.00 23.74 1006.54 54.29 28 3 17 
20:56:50 35.16 0.00000000 0.00000000 -99.00 -99.00 0.00 80.00 0.00 23.74 1006.60 54.30 28 3 17 
20:56:50 35.36 0.00000000 0.00000000 -99.00 -99.00 0.00 79.00 0.00 23.74 1006.51 54.30 28 3 17 
20:56:51 35.56 0.00000000 0.00000000 -99.00 -99.00 0.00 80.00 0.00 23.74 1006.52 54.30 28 3 17 
20:56:51 35.76 0.00000000 0.00000000 -99.00 -99.00 0.00 80.00 0.00 23.74 1006.52 54.26 28 3 17 
20:56:51 35.96 0.00000000 0.00000000 -99.00 -99.00 0.00 80.00 0.00 23.74 1006.54 54.29 28 3 17 
20:56:51 36.16 0.00000000 0.00000000 -99.00 -99.00 0.00 80.00 0.00 23.74 1006.51 54.29 28 3 17 
20:56:51 36.37 0.00000000 0.00000000 -99.00 -99.00 0.00 79.00 0.00 23.74 1006.53 54.28 28 3 17 
20:56:52 36.57 0.00000000 0.00000000 -99.00 -99.00 0.00 80.00 0.00 23.74 1006.51 54.28 28 3 17 
20:56:52 36.77 0.00000000 0.00000000 -99.00 -99.00 0.00 79.00 0.00 23.75 1006.51 54.28 28 3 17 
20:56:52 36.97 0.00000000 0.00000000 -99.00 -99.00 0.00 80.00 0.00 23.75 1006.50 54.27 28 3 17 
20:56:52 37.18 0.00000000 0.00000000 -99.00 -99.00 0.00 80.00 0.00 23.75 1006.51 54.27 28 3 17 
20:56:52 37.38 0.00000000 0.00000000 -99.00 -99.00 0.00 79.00 0.00 23.75 1006.51 54.27 28 3 17 
20:56:53 37.58 0.00000000 0.00000000 -99.00 -99.00 0.00 80.00 0.00 23.75 1006.53 54.26 28 3 17 
20:56:53 37.78 0.00000000 0.00000000 -99.00 -99.00 0.00 80.00 0.00 23.75 1006.51 54.25 28 3 17 
20:56:53 37.98 0.00000000 0.00000000 -99.00 -99.00 0.00 79.00 0.00 23.75 1006.56 54.24 28 3 17 
20:56:53 38.18 0.00000000 0.00000000 -99.00 -99.00 0.00 79.00 0.00 23.74 1006.60 54.28 28 3 17 
20:56:54 38.39 0.00000000 0.00000000 -99.00 -99.00 0.00 79.00 0.00 23.74 1006.51 54.25 28 3 17 
20:56:54 38.59 0.00000000 0.00000000 -99.00 -99.00 0.00 79.00 0.00 23.74 1006.56 54.22 28 3 17 
20:56:54 38.79 0.00000000 0.00000000 -99.00 -99.00 0.00 80.00 0.00 23.74 1006.54 54.22 28 3 17 
20:56:54 38.99 0.00000000 0.00000000 -99.00 -99.00 0.00 80.00 0.00 23.74 1006.52 54.22 28 3 17 
20:56:54 39.19 0.00000000 0.00000000 -99.00 -99.00 0.00 80.00 0.00 23.73 1006.53 54.21 28 3 17 
20:56:55 39.39 0.00000000 0.00000000 -99.00 -99.00 0.00 79.00 0.00 23.73 1006.58 54.21 28 3 17 
20:56:55 39.60 0.00000000 0.00000000 -99.00 -99.00 0.00 80.00 0.00 23.73 1006.55 54.21 28 3 17 
20:56:55 39.80 0.00000000 0.00000000 -99.00 -99.00 0.00 79.00 0.00 23.74 1006.54 54.21 28 3 17 
20:56:55 40.00 0.00000000 0.00000000 -99.00 -99.00 0.00 80.00 0.00 23.74 1006.54 54.21 28 3 17 
20:56:55 40.20 0.00000000 0.00000000 -99.00 -99.00 0.00 80.00 0.00 23.74 1006.52 54.21 28 3 17 
20:56:56 40.40 0.00000000 0.00000000 -99.00 -99.00 0.00 80.00 0.00 23.74 1006.51 54.21 28 3 17 
20:56:56 40.60 0.00000000 0.00000000 -99.00 -99.00 0.00 79.00 0.00 23.75 1006.54 54.21 28 3 17 
20:56:56 40.80 0.00000000 0.00000000 -99.00 -99.00 0.00 79.00 0.00 23.74 1006.53 54.21 28 3 17 
20:56:56 41.00 0.00000000 0.00000000 -99.00 -99.00 0.00 80.00 0.00 23.74 1006.56 54.22 28 3 17 
20:56:56 41.20 0.00000000 0.00000000 -99.00 -99.00 0.00 79.00 0.00 23.74 1006.49 54.21 28 3 17 
20:56:57 41.40 0.00000000 0.00000000 -99.00 -99.00 0.00 79.00 0.00 23.74 1006.53 54.21 28 3 17 
20:56:57 41.61 0.00000000 0.00000000 -99.00 -99.00 0.00 79.00 0.00 23.74 1006.50 54.21 28 3 17 
20:56:57 41.81 0.00000000 0.00000000 -99.00 -99.00 0.00 80.00 0.00 23.74 1006.51 54.22 28 3 17 
20:56:57 42.01 0.00000000 0.00000000 -99.00 -99.00 0.00 80.00 0.00 23.74 1006.53 54.21 28 3 17 
20:56:57 42.21 0.00000000 0.00000000 -99.00 -99.00 0.00 80.00 0.00 23.74 1006.48 54.22 28 3 17 
20:56:58 42.41 0.00000000 0.00000000 -99.00 -99.00 0.00 80.00 0.00 23.74 1006.49 54.23 28 3 17 
20:56:58 42.61 0.00000000 0.00000000 -99.00 -99.00 0.00 80.00 0.00 23.74 1006.48 54.23 28 3 17 
20:56:58 42.81 0.00000000 0.00000000 -99.00 -99.00 0.00 79.00 0.00 23.74 1006.49 54.24 28 3 17 
20:56:58 43.01 0.00000000 0.00000000 -99.00 -99.00 0.00 80.00 0.00 23.74 1006.53 54.24 28 3 17 
20:56:58 43.22 0.00000000 0.00000000 -99.00 -99.00 0.00 79.00 0.00 23.75 1006.55 54.24 28 3 17 
20:56:59 43.42 0.00000000 0.00000000 -99.00 -99.00 0.00 80.00 0.00 23.74 1006.54 54.25 28 3 17 
20:56:59 43.62 0.00000000 0.00000000 -99.00 -99.00 0.00 80.00 0.00 23.74 1006.55 54.26 28 3 17 
20:56:59 43.82 0.00000000 0.00000000 -99.00 -99.00 0.00 79.00 0.00 23.75 1006.62 54.26 28 3 17 
20:56:59 44.02 0.00000000 0.00000000 -99.00 -99.00 0.00 80.00 0.00 23.75 1006.55 54.27 28 3 17 
20:56:59 44.22 0.00000000 0.00000000 -99.00 -99.00 0.00 79.00 0.00 23.75 1006.55 54.28 28 3 17 
20:57:0 44.42 0.00000000 0.00000000 -99.00 -99.00 0.00 79.00 0.00 23.75 1006.58 54.27 28 3 17 
20:57:0 44.62 0.00000000 0.00000000 -99.00 -99.00 0.00 79.00 0.00 23.75 1006.52 54.29 28 3 17 
20:57:0 44.82 0.00000000 0.00000000 -99.00 -99.00 0.00 79.00 0.00 23.75 1006.55 54.28 28 3 17 
20:57:0 45.03 0.00000000 0.00000000 -99.00 -99.00 0.00 80.00 0.00 23.75 1006.59 54.29 28 3 17 
20:57:0 45.23 0.00000000 0.00000000 -99.00 -99.00 0.00 79.00 0.00 23.74 1006.56 54.30 28 3 17 
20:57:1 45.43 0.00000000 0.00000000 -99.00 -99.00 0.00 80.00 0.00 23.75 1006.56 54.30 28 3 17 
20:57:1 45.63 0.00000000 0.00000000 -99.00 -99.00 0.00 80.00 0.00 23.75 1006.52 54.29 28 3 17 
20:57:1 45.83 0.00000000 0.00000000 -99.00 -99.00 0.00 80.00 0.00 23.75 1006.54 54.29 28 3 17 
20:57:1 46.03 0.00000000 0.00000000 -99.00 -99.00 0.00 79.00 0.00 23.75 1006.58 54.29 28 3 17 
20:57:1 46.23 0.00000000 0.00000000 -99.00 -99.00 0.00 79.00 0.00 23.75 1006.60 54.29 28 3 17 
20:57:2 46.43 0.00000000 0.00000000 -99.00 -99.00 0.00 79.00 0.00 23.75 1006.55 54.29 28 3 17 
20:57:2 46.63 0.00000000 0.00000000 -99.00 -99.00 0.00 79.00 0.00 23.75 1006.55 54.30 28 3 17 
20:57:2 46.84 0.00000000 0.00000000 -99.00 -99.00 0.00 79.00 0.00 23.75 1006.56 54.30 28 3 17 
20:57:2 47.04 0.00000000 0.00000000 -99.00 -99.00 0.00 79.00 0.00 23.76 1006.57 54.31 28 3 17 
20:57:2 47.24 0.00000000 0.00000000 -99.00 -99.00 0.00 79.00 0.00 23.76 1006.56 54.31 28 3 17 
20:57:3 47.44 0.00000000 0.00000000 -99.00 -99.00 0.00 80.00 0.00 23.75 1006.56 54.30 28 3 17 
20:57:3 47.64 0.00000000 0.00000000 -99.00 -99.00 0.00 79.00 0.00 23.75 1006.60 54.30 28 3 17 
20:57:3 47.84 0.00000000 0.00000000 -99.00 -99.00 0.00 80.00 0.00 23.76 1006.55 54.29 28 3 17 
20:57:3 48.04 0.00000000 0.00000000 -99.00 -99.00 0.00 79.00 0.00 23.75 1006.54 54.29 28 3 17 
20:57:3 48.24 0.00000000 0.00000000 -99.00 -99.00 0.00 80.00 0.00 23.75 1006.51 54.29 28 3 17 
20:57:4 48.45 0.00000000 0.00000000 -99.00 -99.00 0.00 79.00 0.00 23.76 1006.57 54.27 28 3 17 
20:57:4 48.65 0.00000000 0.00000000 -99.00 -99.00 0.00 79.00 0.00 23.76 1006.53 54.27 28 3 17 
20:57:4 48.85 0.00000000 0.00000000 -99.00 -99.00 0.00 80.00 0.00 23.76 1006.58 54.25 28 3 17 
20:57:4 49.05 0.00000000 0.00000000 -99.00 -99.00 0.00 79.00 0.00 23.75 1006.54 54.27 28 3 17 
20:57:4 49.25 0.00000000 0.00000000 -99.00 -99.00 0.00 79.00 0.00 23.76 1006.51 54.28 28 3 17 
20:57:5 49.45 0.00000000 0.00000000 -99.00 -99.00 0.00 80.00 0.00 23.75 1006.55 54.29 28 3 17 
20:57:5 49.65 0.00000000 0.00000000 -99.00 -99.00 0.00 79.00 0.00 23.76 1006.54 54.32 28 3 17 
20:57:5 49.85 0.00000000 0.00000000 -99.00 -99.00 0.00 80.00 0.00 23.76 1006.51 54.35 28 3 17 
20:57:5 50.05 0.00000000 0.00000000 -99.00 -99.00 0.00 79.00 0.00 23.76 1006.54 54.38 28 3 17 
20:57:5 50.26 0.00000000 0.00000000 -99.00 -99.00 0.00 78.00 0.00 23.75 1006.58 54.41 28 3 17 
20:57:6 50.46 0.00000000 0.00000000 -99.00 -99.00 0.00 79.00 0.00 23.75 1006.54 54.45 28 3 17 
20:57:6 50.66 0.00000000 0.00000000 -99.00 -99.00 0.00 80.00 0.00 23.76 1006.53 54.46 28 3 17 
20:57:6 50.86 0.00000000 0.00000000 -99.00 -99.00 0.00 79.00 0.00 23.76 1006.54 54.47 28 3 17 
20:57:6 51.06 0.00000000 0.00000000 -99.00 -99.00 0.00 79.00 0.00 23.76 1006.55 54.50 28 3 17 
20:57:6 51.26 0.00000000 0.00000000 -99.00 -99.00 0.00 80.00 0.00 23.76 1006.57 54.49 28 3 17 
20:57:7 51.46 0.00000000 0.00000000 -99.00 -99.00 0.00 80.00 0.00 23.75 1006.56 54.49 28 3 17 
20:57:7 51.66 0.00000000 0.00000000 -99.00 -99.00 0.00 80.00 0.00 23.76 1006.53 54.49 28 3 17 
20:57:7 51.86 0.00000000 0.00000000 -99.00 -99.00 0.00 80.00 0.00 23.76 1006.59 54.49 28 3 17 
20:57:7 52.06 0.00000000 0.00000000 -99.00 -99.00 0.00 80.00 0.00 23.76 1006.54 54.48 28 3 17 
20:57:7 52.27 0.00000000 0.00000000 -99.00 -99.00 0.00 80.00 0.00 23.76 1006.57 54.48 28 3 17 
20:57:8 52.47 0.00000000 0.00000000 -99.00 -99.00 0.00 79.00 0.00 23.76 1006.51 54.47 28 3 17 
20:57:8 52.67 0.00000000 0.00000000 -99.00 -99.00 0.00 79.00 0.00 23.76 1006.53 54.47 28 3 17 
20:57:8 52.87 0.00000000 0.00000000 -99.00 -99.00 0.00 80.00 0.00 23.75 1006.54 54.47 28 3 17 
20:57:8 53.07 0.00000000 0.00000000 -99.00 -99.00 0.00 79.00 0.00 23.75 1006.51 54.48 28 3 17 
20:57:8 53.27 0.00000000 0.00000000 -99.00 -99.00 0.00 80.00 0.00 23.76 1006.54 54.48 28 3 17 
20:57:9 53.47 0.00000000 0.00000000 -99.00 -99.00 0.00 79.00 0.00 23.76 1006.48 54.50 28 3 17 
20:57:9 53.68 0.00000000 0.00000000 -99.00 -99.00 0.00 80.00 0.00 23.76 1006.53 54.50 28 3 17 
20:57:9 53.88 0.00000000 0.00000000 -99.00 -99.00 0.00 80.00 0.00 23.76 1006.53 54.51 28 3 17 
20:57:9 54.08 0.00000000 0.00000000 -99.00 -99.00 0.00 79.00 0.00 23.76 1006.54 54.52 28 3 17 
20:57:9 54.28 0.00000000 0.00000000 -99.00 -99.00 0.00 80.00 0.00 23.76 1006.54 54.53 28 3 17 
20:57:10 54.48 0.00000000 0.00000000 -99.00 -99.00 0.00 80.00 0.00 23.76 1006.57 54.53 28 3 17 
20:57:10 54.68 0.00000000 0.00000000 -99.00 -99.00 0.00 80.00 0.00 23.75 1006.49 54.52 28 3 17 
20:57:10 54.88 0.00000000 0.00000000 -99.00 -99.00 0.00 79.00 0.00 23.76 1006.55 54.52 28 3 17 
20:57:10 55.08 0.00000000 0.00000000 -99.00 -99.00 0.00 79.00 0.00 23.76 1006.56 54.52 28 3 17 
20:57:10 55.28 0.00000000 0.00000000 -99.00 -99.00 0.00 80.00 0.00 23.76 1006.51 54.49 28 3 17 
20:57:11 55.49 0.00000000 0.00000000 -99.00 -99.00 0.00 80.00 0.00 23.76 1006.56 54.52 28 3 17 
20:57:11 55.69 0.00000000 0.00000000 -99.00 -99.00 0.00 80.00 0.00 23.76 1006.52 54.52 28 3 17 
20:57:11 55.89 0.00000000 0.00000000 -99.00 -99.00 0.00 80.00 0.00 23.76 1006.60 54.54 28 3 17 
20:57:11 56.09 0.00000000 0.00000000 -99.00 -99.00 0.00 80.00 0.00 23.76 1006.53 54.54 28 3 17 
20:57:11 56.29 0.00000000 0.00000000 -99.00 -99.00 0.00 80.00 0.00 23.76 1006.61 54.56 28 3 17 
20:57:12 56.49 0.00000000 0.00000000 -99.00 -99.00 0.00 80.00 0.00 23.76 1006.55 54.57 28 3 17 
20:57:12 56.69 0.00000000 0.00000000 -99.00 -99.00 0.00 80.00 0.00 23.76 1006.54 54.59 28 3 17 
20:57:12 56.89 0.00000000 0.00000000 -99.00 -99.00 0.00 80.00 0.00 23.76 1006.55 54.61 28 3 17 
20:57:12 57.09 0.00000000 0.00000000 -99.00 -99.00 0.00 80.00 0.00 23.76 1006.51 54.61 28 3 17 
20:57:12 57.29 0.00000000 0.00000000 -99.00 -99.00 0.00 80.00 0.00 23.76 1006.54 54.62 28 3 17 
20:57:13 57.50 0.00000000 0.00000000 -99.00 -99.00 0.00 80.00 0.00 23.76 1006.59 54.63 28 3 17 
20:57:13 57.70 0.00000000 0.00000000 -99.00 -99.00 0.00 80.00 0.00 23.76 1006.57 54.65 28 3 17 
20:57:13 57.90 0.00000000 0.00000000 -99.00 -99.00 0.00 80.00 0.00 23.76 1006.61 54.66 28 3 17 
20:57:13 58.10 0.00000000 0.00000000 -99.00 -99.00 0.00 80.00 0.00 23.76 1006.57 54.67 28 3 17 
20:57:13 58.30 0.00000000 0.00000000 -99.00 -99.00 0.00 80.00 0.00 23.75 1006.51 54.70 28 3 17 
20:57:14 58.50 0.00000000 0.00000000 -99.00 -99.00 0.00 80.00 0.00 23.76 1006.54 54.71 28 3 17 
20:57:14 58.70 0.00000000 0.00000000 -99.00 -99.00 0.00 80.00 0.00 23.76 1006.60 54.74 28 3 17 
20:57:14 58.90 0.00000000 0.00000000 -99.00 -99.00 0.00 79.00 0.00 23.76 1006.59 54.77 28 3 17 
20:57:14 59.11 0.00000000 0.00000000 -99.00 -99.00 0.00 79.00 0.00 23.76 1006.54 54.83 28 3 17 
20:57:14 59.31 0.00000000 0.00000000 -99.00 -99.00 0.00 80.00 0.00 23.76 1006.53 54.87 28 3 17 
20:57:14 59.51 0.00000000 0.00000000 -99.00 -99.00 0.00 80.00 0.00 23.76 1006.61 54.94 28 3 17 
20:57:14 59.71 0.00000000 0.00000000 -99.00 -99.00 0.00 80.00 0.00 23.76 1006.53 54.96 28 3 17 
20:57:14 59.91 0.00000000 0.00000000 -99.00 -99.00 0.00 80.00 0.00 23.76 1006.55 55.00 28 3 17 
20:57:14 60.11 0.00000000 0.00000000 -99.00 -99.00 0.00 80.00 0.00 23.76 1006.64 55.03 28 3 17 
20:57:14 60.31 0.00000000 0.00000000 -99.00 -99.00 0.00 80.00 0.00 23.76 1006.55 55.08 28 3 17 
20:57:14 60.51 0.00000000 0.00000000 -99.00 -99.00 0.00 80.00 0.00 23.76 1006.52 55.10 28 3 17 
20:57:14 60.72 0.00000000 0.00000000 -99.00 -99.00 0.00 80.00 0.00 23.76 1006.57 55.11 28 3 17 
20:57:14 60.92 0.00000000 0.00000000 -99.00 -99.00 0.00 80.00 0.00 23.76 1006.51 55.12 28 3 17 
20:57:14 61.12 0.00000000 0.00000000 -99.00 -99.00 0.00 79.00 0.00 23.76 1006.53 55.13 28 3 17 
20:57:14 61.32 0.00000000 0.00000000 -99.00 -99.00 0.00 80.00 0.00 23.76 1006.59 55.13 28 3 17 
20:57:14 61.52 0.00000000 0.00000000 -99.00 -99.00 0.00 80.00 0.00 23.76 1006.57 55.14 28 3 17 
20:57:14 61.72 0.00000000 0.00000000 -99.00 -99.00 0.00 80.00 0.00 23.76 1006.55 55.15 28 3 17 
20:57:14 61.92 0.00000000 0.00000000 -99.00 -99.00 0.00 80.00 0.00 23.77 1006.60 55.17 28 3 17 
20:57:14 62.12 0.00000000 0.00000000 -99.00 -99.00 0.00 80.00 0.00 23.77 1006.56 55.20 28 3 17 
20:57:14 62.33 0.00000000 0.00000000 -99.00 -99.00 0.00 80.00 0.00 23.77 1006.61 55.21 28 3 17 
20:57:14 62.53 0.00000000 0.00000000 -99.00 -99.00 0.00 80.00 0.00 23.76 1006.65 55.26 28 3 17 
20:57:14 62.73 0.00000000 0.00000000 -99.00 -99.00 0.00 80.00 0.00 23.77 1006.60 55.30 28 3 17 
20:57:14 62.93 0.00000000 0.00000000 -99.00 -99.00 0.00 80.00 0.00 23.77 1006.56 55.33 28 3 17 
20:57:14 63.13 0.00000000 0.00000000 -99.00 -99.00 0.00 80.00 0.00 23.77 1006.57 55.34 28 3 17 
20:57:14 63.33 0.00000000 0.00000000 -99.00 -99.00 0.00 79.00 0.00 23.77 1006.56 55.35 28 3 17 
20:57:18 63.53 0.00000000 0.00000000 -99.00 -99.00 0.00 80.00 0.00 23.77 1006.56 55.35 28 3 17 
20:57:18 63.73 0.00000000 0.00000000 -99.00 -99.00 0.00 80.00 0.00 23.77 1006.59 55.40 28 3 17 
20:57:18 63.93 0.00000000 0.00000000 -99.00 -99.00 0.00 80.00 0.00 23.77 1006.63 55.34 28 3 17 
20:57:18 64.13 0.00000000 0.00000000 -99.00 -99.00 0.00 80.00 0.00 23.77 1006.58 55.33 28 3 17 
20:57:18 64.34 0.00000000 0.00000000 -99.00 -99.00 0.00 80.00 0.00 23.77 1006.58 55.30 28 3 17 
20:57:19 64.54 0.00000000 205.00013732 -99.00 -99.00 0.00 80.00 0.00 23.77 1006.55 55.33 28 3 17 
20:57:19 64.74 0.00000000 205.00013732 -99.00 -99.00 0.00 80.00 0.00 23.77 1006.54 55.33 28 3 17 
20:57:19 64.94 0.00000000 205.00013732 -99.00 -99.00 0.00 80.00 0.00 23.77 1006.55 55.32 28 3 17 
20:57:19 65.14 0.00000000 205.00013732 -99.00 -99.00 0.00 80.00 0.00 23.77 1006.56 55.30 28 3 17 
20:57:19 65.34 0.00000000 205.00013732 -99.00 -99.00 0.00 80.00 0.00 23.77 1006.54 55.26 28 3 17 
20:57:20 65.54 0.00000000 0.00000000 -99.00 -99.00 0.00 80.00 0.00 23.77 1006.53 55.22 28 3 17 
20:57:20 65.74 0.00000000 0.00000000 -99.00 -99.00 0.00 80.00 0.00 23.77 1006.56 55.19 28 3 17 
20:57:20 65.94 0.00000000 0.00000000 -99.00 -99.00 0.00 80.00 0.00 23.77 1006.54 55.15 28 3 17 
20:57:20 66.15 0.00000000 0.00000000 -99.00 -99.00 0.00 80.00 0.00 23.77 1006.61 55.11 28 3 17 
20:57:20 66.35 0.00000000 0.00000000 -99.00 -99.00 0.00 80.00 0.00 23.76 1006.59 55.08 28 3 17 
20:57:22 66.55 0.00000000 0.00000000 -99.00 -99.00 0.00 80.00 0.00 23.76 1006.57 55.01 28 3 17 
20:57:22 66.75 0.00000000 0.00000000 -99.00 -99.00 0.00 80.00 0.00 23.77 1006.51 54.96 28 3 17 
20:57:22 66.95 0.00000000 0.00000000 -99.00 -99.00 0.00 80.00 0.00 23.76 1006.55 54.93 28 3 17 
20:57:22 67.15 0.00000000 0.00000000 -99.00 -99.00 0.00 80.00 0.00 23.76 1006.57 54.88 28 3 17 
20:57:22 67.35 0.00000000 0.00000000 -99.00 -99.00 0.00 80.00 0.00 23.76 1006.57 54.84 28 3 17 
20:57:23 67.55 0.00000000 0.00000000 -99.00 -99.00 0.00 80.00 0.00 23.76 1006.56 54.82 28 3 17 
20:57:23 67.75 0.00000000 0.00000000 -99.00 -99.00 0.00 79.00 0.00 23.76 1006.59 54.78 28 3 17 
20:57:23 67.95 0.00000000 0.00000000 -99.00 -99.00 0.00 80.00 0.00 23.76 1006.52 54.74 28 3 17 
20:57:23 68.16 0.00000000 0.00000000 -99.00 -99.00 0.00 80.00 0.00 23.76 1006.60 54.73 28 3 17 
20:57:23 68.36 0.00000000 0.00000000 -99.00 -99.00 0.00 79.00 0.00 23.76 1006.55 54.73 28 3 17 
20:57:23 68.56 0.00000000 0.00000000 -99.00 -99.00 0.00 80.00 0.00 23.76 1006.53 54.67 28 3 17 
20:57:23 68.76 0.00000000 0.00000000 -99.00 -99.00 0.00 80.00 0.00 23.76 1006.55 54.63 28 3 17 
20:57:23 68.96 0.00000000 0.00000000 -99.00 -99.00 0.00 80.00 0.00 23.76 1006.58 54.61 28 3 17 
20:57:23 69.16 0.00000000 0.00000000 -99.00 -99.00 0.00 80.00 0.00 23.76 1006.56 54.59 28 3 17 
20:57:23 69.36 0.00000000 0.00000000 -99.00 -99.00 0.00 80.00 0.00 23.76 1006.53 54.58 28 3 17 
20:57:24 69.56 0.00000000 0.00000000 -99.00 -99.00 0.00 80.00 0.00 23.76 1006.57 54.56 28 3 17 
20:57:24 69.76 0.00000000 0.00000000 -99.00 -99.00 0.00 80.00 0.00 23.76 1006.57 54.54 28 3 17 
20:57:24 69.96 0.00000000 0.00000000 -99.00 -99.00 0.00 80.00 0.00 23.76 1006.55 54.49 28 3 17 
20:57:24 70.16 0.00000000 0.00000000 -99.00 -99.00 0.00 80.00 0.00 23.76 1006.57 54.50 28 3 17 
20:57:24 70.37 0.00000000 0.00000000 -99.00 -99.00 0.00 79.00 0.00 23.76 1006.55 54.49 28 3 17 
20:57:26 70.57 0.00000000 0.00000000 -99.00 -99.00 0.00 80.00 0.00 23.76 1006.62 54.47 28 3 17 
20:57:26 70.77 0.00000000 0.00000000 -99.00 -99.00 0.00 80.00 0.00 23.76 1006.59 54.47 28 3 17 
20:57:26 70.97 0.00000000 0.00000000 -99.00 -99.00 0.00 80.00 0.00 23.76 1006.58 54.46 28 3 17 
20:57:26 71.17 0.00000000 0.00000000 -99.00 -99.00 0.00 80.00 0.00 23.77 1006.60 54.46 28 3 17 
20:57:26 71.37 0.00000000 0.00000000 -99.00 -99.00 0.00 80.00 0.00 23.76 1006.55 54.45 28 3 17 
20:57:27 71.57 0.00000000 0.00000000 -99.00 -99.00 0.00 80.00 0.00 23.76 1006.55 54.44 28 3 17 
20:57:27 71.77 0.00000000 0.00000000 -99.00 -99.00 0.00 80.00 0.00 23.76 1006.61 54.44 28 3 17 
20:57:27 71.97 0.00000000 0.00000000 -99.00 -99.00 0.00 80.00 0.00 23.77 1006.55 54.43 28 3 17 
20:57:27 72.17 0.00000000 0.00000000 -99.00 -99.00 0.00 80.00 0.00 23.77 1006.51 54.43 28 3 17 
20:57:27 72.37 0.00000000 0.00000000 -99.00 -99.00 0.00 80.00 0.00 23.77 1006.60 54.38 28 3 17 
20:57:28 72.58 0.00000000 0.00000000 -99.00 -99.00 0.00 80.00 0.00 23.76 1006.58 54.42 28 3 17 
20:57:28 72.78 0.00000000 0.00000000 -99.00 -99.00 0.00 79.00 0.00 23.76 1006.52 54.40 28 3 17 
20:57:28 72.98 0.00000000 0.00000000 -99.00 -99.00 0.00 80.00 0.00 23.76 1006.54 54.39 28 3 17 
20:57:28 73.18 0.00000000 0.00000000 -99.00 -99.00 0.00 80.00 0.00 23.76 1006.55 54.38 28 3 17 
20:57:29 73.38 0.00000000 0.00000000 -99.00 -99.00 0.00 80.00 0.00 23.76 1006.54 54.38 28 3 17 
20:57:29 73.58 0.00000000 0.00000000 -99.00 -99.00 0.00 80.00 0.00 23.76 1006.55 54.37 28 3 17 
20:57:29 73.79 0.00000000 0.00000000 -99.00 -99.00 0.00 80.00 0.00 23.76 1006.52 54.36 28 3 17 
20:57:29 73.99 0.00000000 0.00000000 -99.00 -99.00 0.00 80.00 0.00 23.76 1006.55 54.36 28 3 17 
20:57:29 74.19 0.00000000 0.00000000 -99.00 -99.00 0.00 80.00 0.00 23.76 1006.54 54.32 28 3 17 
20:57:30 74.39 0.00000000 0.00000000 -99.00 -99.00 0.00 80.00 0.00 23.76 1006.60 54.34 28 3 17 
20:57:30 74.59 0.00000000 0.00000000 -99.00 -99.00 0.00 80.00 0.00 23.76 1006.58 54.35 28 3 17 
20:57:30 74.79 0.00000000 0.00000000 -99.00 -99.00 0.00 80.00 0.00 23.76 1006.57 54.35 28 3 17 
20:57:30 74.99 0.00000000 0.00000000 -99.00 -99.00 0.00 80.00 0.00 23.77 1006.61 54.34 28 3 17 
20:57:30 75.19 0.00000000 0.00000000 -99.00 -99.00 0.00 80.00 0.00 23.76 1006.62 54.34 28 3 17 
20:57:31 75.39 0.00000000 0.00000000 -99.00 -99.00 0.00 80.00 0.00 23.77 1006.65 54.33 28 3 17 
20:57:31 75.59 0.00000000 0.00000000 -99.00 -99.00 0.00 80.00 0.00 23.76 1006.63 54.33 28 3 17 
20:57:31 75.79 0.00000000 0.00000000 -99.00 -99.00 0.00 80.00 0.00 23.76 1006.59 54.33 28 3 17 
20:57:31 75.99 0.00000000 0.00000000 -99.00 -99.00 0.00 80.00 0.00 23.76 1006.58 54.33 28 3 17 
20:57:31 76.19 0.00000000 0.00000000 -99.00 -99.00 0.00 80.00 0.00 23.76 1006.57 54.33 28 3 17 
20:57:32 76.40 0.00000000 0.00000000 -99.00 -99.00 0.00 80.00 0.00 23.77 1006.56 54.35 28 3 17 
20:57:32 76.60 0.00000000 0.00000000 -99.00 -99.00 0.00 80.00 0.00 23.76 1006.55 54.32 28 3 17 
20:57:32 76.80 0.00000000 0.00000000 -99.00 -99.00 0.00 80.00 0.00 23.76 1006.61 54.32 28 3 17 
20:57:32 77.00 0.00000000 0.00000000 -99.00 -99.00 0.00 80.00 0.00 23.77 1006.62 54.32 28 3 17 
20:57:32 77.20 0.00000000 0.00000000 -99.00 -99.00 0.00 80.00 0.00 23.77 1006.57 54.31 28 3 17 
20:57:33 77.40 0.00000000 0.00000000 -99.00 -99.00 0.00 80.00 0.00 23.76 1006.55 54.31 28 3 17 
