0:0:0 0.41 0.00000000 0.00000000 0.00 0.00 0.00 80.00 0.00 0 0 0 
0:0:0 0.61 0.00000000 0.00000000 0.00 0.00 0.00 80.00 0.00 0 0 0 
0:0:0 0.81 0.00000000 0.00000000 0.00 0.00 0.00 79.00 0.00 0 0 0 
0:0:0 1.01 0.00000000 0.00000000 0.00 0.00 0.00 80.00 0.00 0 0 0 
20:42:8 1.21 0.00000000 0.00000000 0.00 0.00 0.00 80.00 0.00 28 3 17 
20:42:8 1.41 0.00000000 0.00000000 0.00 0.00 0.00 79.00 0.00 28 3 17 
20:42:8 1.61 0.00000000 0.00000000 0.00 0.00 0.00 79.00 0.00 28 3 17 
20:42:8 1.82 0.00000000 0.00000000 0.00 0.00 0.00 80.00 0.00 28 3 17 
20:42:8 2.02 0.00000000 0.00000000 0.00 0.00 0.00 80.00 0.00 28 3 17 
20:42:9 2.22 0.00000000 0.00000000 0.00 0.00 0.00 80.00 0.00 28 3 17 
20:42:9 2.42 0.00000000 0.00000000 0.00 0.00 0.00 79.00 0.00 28 3 17 
20:42:9 2.62 0.00000000 0.00000000 0.00 0.00 0.00 79.00 0.00 28 3 17 
20:42:9 2.82 0.00000000 0.00000000 0.00 0.00 0.00 79.00 0.00 28 3 17 
20:42:10 3.02 0.00000000 0.00000000 0.00 0.00 0.00 79.00 0.00 28 3 17 
20:42:10 3.22 0.00000000 0.00000000 0.00 0.00 0.00 80.00 0.00 28 3 17 
20:42:10 3.43 0.00000000 0.00000000 0.00 0.00 0.00 80.00 0.00 28 3 17 
20:42:10 3.63 0.00000000 0.00000000 0.00 0.00 0.00 80.00 0.00 28 3 17 
20:42:10 3.83 0.00000000 0.00000000 0.00 0.00 0.00 80.00 0.00 28 3 17 
20:42:11 4.03 0.00000000 0.00000000 0.00 0.00 0.00 80.00 0.00 28 3 17 
20:42:11 4.23 0.00000000 0.00000000 0.00 0.00 0.00 80.00 0.00 28 3 17 
20:42:11 4.43 0.00000000 0.00000000 0.00 0.00 0.00 80.00 0.00 28 3 17 
20:42:11 4.63 0.00000000 0.00000000 0.00 0.00 0.00 80.00 0.00 28 3 17 
20:42:11 4.83 0.00000000 0.00000000 0.00 0.00 0.00 80.00 0.00 28 3 17 
20:42:12 5.03 0.00000000 0.00000000 0.00 0.00 0.00 80.00 0.00 28 3 17 
20:42:12 5.24 0.00000000 0.00000000 0.00 0.00 0.00 80.00 0.00 28 3 17 
20:42:12 5.44 0.00000000 0.00000000 0.00 0.00 0.00 80.00 0.00 28 3 17 
20:42:12 5.64 0.00000000 0.00000000 0.00 0.00 0.00 80.00 0.00 28 3 17 
20:42:12 5.84 0.00000000 0.00000000 0.00 0.00 0.00 80.00 0.00 28 3 17 
20:42:13 6.04 0.00000000 0.00000000 0.00 0.00 0.00 80.00 0.00 28 3 17 
20:42:13 6.24 0.00000000 0.00000000 0.00 0.00 0.00 80.00 0.00 28 3 17 
20:42:13 6.44 0.00000000 0.00000000 0.00 0.00 0.00 80.00 0.00 28 3 17 
20:42:13 6.64 0.00000000 0.00000000 0.00 0.00 0.00 79.00 0.00 28 3 17 
20:42:13 6.84 0.00000000 0.00000000 0.00 0.00 0.00 79.00 0.00 28 3 17 
20:42:14 7.04 0.00000000 0.00000000 0.00 0.00 0.00 80.00 0.00 28 3 17 
20:42:14 7.24 0.00000000 0.00000000 0.00 0.00 0.00 80.00 0.00 28 3 17 
20:42:14 7.44 0.00000000 0.00000000 0.00 0.00 0.00 80.00 0.00 28 3 17 
20:42:14 7.64 0.00000000 0.00000000 0.00 0.00 0.00 80.00 0.00 28 3 17 
20:42:14 7.84 0.00000000 0.00000000 0.00 0.00 0.00 80.00 0.00 28 3 17 
20:42:15 8.05 0.00000000 0.00000000 0.00 0.00 0.00 79.00 0.00 28 3 17 
20:42:15 8.25 0.00000000 0.00000000 0.00 0.00 0.00 80.00 0.00 28 3 17 
20:42:15 8.45 0.00000000 0.00000000 0.00 0.00 0.00 80.00 0.00 28 3 17 
20:42:15 8.65 0.00000000 0.00000000 0.00 0.00 0.00 80.00 0.00 28 3 17 
20:42:15 8.85 0.00000000 0.00000000 0.00 0.00 0.00 80.00 0.00 28 3 17 
