0:0:0 1.12 0.00000000 0.00000000 -99.00 -99.00 0.00 0.39 0.00 18.42 1015.57 53.92 0 0 17 
0:0:0 1.32 0.00000000 0.00000000 -99.00 -99.00 0.00 0.38 0.00 18.46 1015.61 53.91 0 0 17 
0:0:0 1.52 0.00000000 0.00000000 -99.00 -99.00 0.00 0.39 0.00 18.47 1015.55 53.90 0 0 17 
0:0:0 1.72 0.00000000 0.00000000 -99.00 -99.00 0.00 0.38 0.00 18.48 1015.57 53.90 0 0 17 
0:1:57 1.92 0.00000000 0.00000000 -99.00 -99.00 0.00 0.39 0.00 18.48 1015.60 53.90 6 1 17 
0:1:57 2.13 0.00000000 0.00000000 -99.00 -99.00 0.00 0.38 0.00 18.48 1015.60 53.90 6 1 17 
0:1:57 2.33 0.00000000 0.00000000 -99.00 -99.00 0.00 0.38 0.00 18.48 1015.64 53.90 6 1 17 
0:1:57 2.53 0.00000000 0.00000000 -99.00 -99.00 0.00 0.38 0.00 18.48 1015.61 53.90 6 1 17 
0:1:57 2.73 0.00000000 0.00000000 -99.00 -99.00 0.00 0.39 0.00 18.48 1015.67 53.90 6 1 17 
0:1:58 2.93 0.00000000 0.00000000 -99.00 -99.00 0.00 0.39 0.00 18.48 1015.64 53.90 6 1 17 
0:1:58 3.13 0.00000000 0.00000000 -99.00 -99.00 0.00 0.39 0.00 18.48 1015.63 53.90 6 1 17 
0:1:58 3.33 0.00000000 0.00000000 -99.00 -99.00 0.00 0.39 0.00 18.48 1015.60 53.90 6 1 17 
0:1:58 3.53 0.00000000 0.00000000 -99.00 -99.00 0.00 0.39 0.00 18.48 1015.58 53.90 6 1 17 
0:1:58 3.73 0.00000000 0.00000000 -99.00 -99.00 0.00 0.39 0.00 18.48 1015.61 53.90 6 1 17 
0:1:59 3.93 0.00000000 0.00000000 -99.00 -99.00 0.00 0.39 0.00 18.48 1015.60 53.89 6 1 17 
0:1:59 4.14 0.00000000 0.00000000 -99.00 -99.00 0.00 0.39 0.00 18.48 1015.58 53.89 6 1 17 
0:1:59 4.34 0.00000000 0.00000000 -99.00 -99.00 0.00 0.39 0.00 18.48 1015.58 53.89 6 1 17 
0:1:59 4.54 0.00000000 0.00000000 -99.00 -99.00 0.00 0.38 0.00 18.48 1015.60 53.89 6 1 17 
0:1:59 4.74 0.00000000 0.00000000 -99.00 -99.00 0.00 0.38 0.00 18.48 1015.60 53.89 6 1 17 
0:2:0 4.94 0.00000000 0.00000000 -99.00 -99.00 0.00 0.38 0.00 18.48 1015.60 53.90 6 1 17 
0:2:0 5.14 0.00000000 0.00000000 -99.00 -99.00 0.00 0.38 0.00 18.47 1015.61 53.89 6 1 17 
0:2:0 5.34 0.00000000 0.00000000 -99.00 -99.00 0.00 0.38 0.00 18.48 1015.64 53.90 6 1 17 
0:2:0 5.54 0.00000000 0.00000000 -99.00 -99.00 0.00 0.38 0.00 18.48 1015.64 53.90 6 1 17 
0:2:0 5.74 0.00000000 0.00000000 -99.00 -99.00 0.00 0.38 0.00 18.47 1015.58 53.90 6 1 17 
0:2:1 5.94 0.00000000 0.00000000 -99.00 -99.00 0.00 0.38 0.00 18.47 1015.60 53.90 6 1 17 
0:2:1 6.14 0.00000000 0.00000000 -99.00 -99.00 0.00 0.38 0.00 18.47 1015.56 53.91 6 1 17 
0:2:1 6.34 0.00000000 0.00000000 -99.00 -99.00 0.00 0.38 0.00 18.47 1015.59 53.89 6 1 17 
0:2:1 6.54 0.00000000 0.00000000 -99.00 -99.00 0.00 0.38 0.00 18.46 1015.66 53.90 6 1 17 
0:2:1 6.74 0.00000000 0.00000000 -99.00 -99.00 0.00 0.38 0.00 18.46 1015.62 53.91 6 1 17 
0:2:2 6.95 0.00000000 0.00000000 -99.00 -99.00 0.00 0.38 0.00 18.46 1015.61 53.91 6 1 17 
0:2:2 7.15 0.00000000 0.00000000 -99.00 -99.00 0.00 0.39 0.00 18.47 1015.61 53.91 6 1 17 
0:2:2 7.35 0.00000000 0.00000000 -99.00 -99.00 0.00 0.39 0.00 18.46 1015.64 53.91 6 1 17 
0:2:2 7.55 0.00000000 0.00000000 -99.00 -99.00 0.00 0.39 0.00 18.46 1015.57 53.91 6 1 17 
0:2:2 7.75 0.00000000 0.00000000 -99.00 -99.00 0.00 0.39 0.00 18.47 1015.59 53.91 6 1 17 
0:2:3 7.95 0.00000000 0.00000000 -99.00 -99.00 0.00 0.38 0.00 18.47 1015.62 53.91 6 1 17 
0:2:3 8.15 0.00000000 0.00000000 -99.00 -99.00 0.00 0.38 0.00 18.47 1015.63 53.91 6 1 17 
0:2:3 8.35 0.00000000 0.00000000 -99.00 -99.00 0.00 0.38 0.00 18.46 1015.65 53.88 6 1 17 
0:2:3 8.55 0.00000000 0.00000000 -99.00 -99.00 0.00 0.39 0.00 18.47 1015.63 53.91 6 1 17 
0:2:3 8.75 0.00000000 0.00000000 -99.00 -99.00 0.00 0.39 0.00 18.46 1015.59 53.91 6 1 17 
0:2:4 8.95 0.00000000 0.00000000 -99.00 -99.00 0.00 0.38 0.00 18.46 1015.62 53.92 6 1 17 
0:2:4 9.15 0.00000000 0.00000000 -99.00 -99.00 0.00 0.39 0.00 18.46 1015.60 53.92 6 1 17 
0:2:4 9.35 0.00000000 0.00000000 -99.00 -99.00 0.00 0.38 0.00 18.46 1015.60 53.91 6 1 17 
0:2:4 9.55 0.00000000 0.00000000 -99.00 -99.00 0.00 0.38 0.00 18.45 1015.62 53.92 6 1 17 
0:2:4 9.75 0.00000000 0.00000000 -99.00 -99.00 0.00 0.38 0.00 18.46 1015.60 53.92 6 1 17 
0:2:5 9.95 0.00000000 0.00000000 -99.00 -99.00 0.00 0.39 0.00 18.45 1015.58 53.92 6 1 17 
0:2:5 10.15 0.00000000 0.00000000 -99.00 -99.00 0.00 0.38 0.00 18.46 1015.57 53.92 6 1 17 
0:2:5 10.36 0.00000000 0.00000000 -99.00 -99.00 0.00 0.38 0.00 18.45 1015.61 53.93 6 1 17 
0:2:5 10.56 0.00000000 0.00000000 -99.00 -99.00 0.00 0.39 0.00 18.45 1015.63 53.96 6 1 17 
0:2:5 10.76 0.00000000 0.00000000 -99.00 -99.00 0.00 0.39 0.00 18.45 1015.62 53.93 6 1 17 
0:2:6 10.96 0.00000000 0.00000000 -99.00 -99.00 0.00 0.40 0.00 18.44 1015.67 53.93 6 1 17 
0:2:6 11.16 0.00000000 0.00000000 -99.00 -99.00 0.00 0.40 0.00 18.44 1015.62 53.94 6 1 17 
0:2:6 11.36 0.00000000 0.00000000 -99.00 -99.00 0.00 0.40 0.00 18.44 1015.66 53.94 6 1 17 
0:2:6 11.56 0.00000000 0.00000000 -99.00 -99.00 0.00 0.40 0.01 18.44 1015.61 53.94 6 1 17 
0:2:6 11.76 0.00000000 0.00000000 -99.00 -99.00 0.00 0.40 0.01 18.44 1015.62 53.94 6 1 17 
0:2:7 11.96 0.00000000 0.00000000 -99.00 -99.00 0.00 0.40 0.00 18.44 1015.65 53.95 6 1 17 
0:2:7 12.16 0.00000000 0.00000000 -99.00 -99.00 0.00 0.40 0.01 18.44 1015.65 53.95 6 1 17 
0:2:7 12.36 0.00000000 0.00000000 -99.00 -99.00 0.00 0.40 0.00 18.44 1015.60 53.96 6 1 17 
0:2:7 12.56 0.00000000 0.00000000 -99.00 -99.00 0.00 0.40 0.01 18.44 1015.60 53.95 6 1 17 
0:2:7 12.76 0.00000000 0.00000000 -99.00 -99.00 0.00 0.40 0.00 18.44 1015.68 53.97 6 1 17 
0:2:8 12.97 0.00000000 0.00000000 -99.00 -99.00 0.00 0.40 0.01 18.43 1015.57 53.96 6 1 17 
0:2:8 13.17 0.00000000 0.00000000 -99.00 -99.00 0.00 0.40 0.00 18.44 1015.63 53.97 6 1 17 
0:2:8 13.37 0.00000000 0.00000000 -99.00 -99.00 0.00 0.40 0.00 18.44 1015.63 53.97 6 1 17 
0:2:8 13.57 0.00000000 0.00000000 -99.00 -99.00 0.00 0.40 0.00 18.43 1015.57 53.96 6 1 17 
0:2:8 13.77 0.00000000 0.00000000 -99.00 -99.00 0.00 0.40 0.00 18.44 1015.63 53.98 6 1 17 
0:2:9 13.97 0.00000000 0.00000000 -99.00 -99.00 0.00 0.40 0.00 18.43 1015.68 53.98 6 1 17 
0:2:9 14.17 0.00000000 0.00000000 -99.00 -99.00 0.00 0.40 0.00 18.43 1015.66 53.99 6 1 17 
0:2:9 14.37 0.00000000 0.00000000 -99.00 -99.00 0.00 0.40 0.00 18.42 1015.63 53.99 6 1 17 
0:2:9 14.57 0.00000000 0.00000000 -99.00 -99.00 0.00 0.40 0.01 18.42 1015.58 54.00 6 1 17 
0:2:9 14.77 0.00000000 0.00000000 -99.00 -99.00 0.00 0.40 0.00 18.42 1015.61 54.01 6 1 17 
0:2:10 14.97 0.00000000 0.00000000 -99.00 -99.00 0.00 0.40 0.00 18.42 1015.62 54.01 6 1 17 
0:2:10 15.17 0.00000000 0.00000000 -99.00 -99.00 0.00 0.40 0.01 18.42 1015.62 54.01 6 1 17 
0:2:10 15.37 0.00000000 0.00000000 -99.00 -99.00 0.00 0.40 0.00 18.41 1015.63 54.02 6 1 17 
0:2:10 15.57 0.00000000 0.00000000 -99.00 -99.00 0.00 0.40 0.01 18.42 1015.66 54.03 6 1 17 
0:2:10 15.77 0.00000000 0.00000000 -99.00 -99.00 0.00 0.40 0.00 18.41 1015.62 54.02 6 1 17 
0:2:11 15.98 0.00000000 0.00000000 -99.00 -99.00 0.00 0.40 0.00 18.40 1015.65 54.03 6 1 17 
0:2:11 16.18 0.00000000 0.00000000 -99.00 -99.00 0.00 0.40 0.00 18.41 1015.63 54.04 6 1 17 
0:2:11 16.38 0.00000000 0.00000000 -99.00 -99.00 0.00 0.40 0.00 18.41 1015.62 54.04 6 1 17 
0:2:11 16.58 0.00000000 0.00000000 -99.00 -99.00 0.00 0.40 0.00 18.40 1015.66 54.05 6 1 17 
0:2:11 16.78 0.00000000 0.00000000 -99.00 -99.00 0.00 0.40 0.00 18.40 1015.61 54.05 6 1 17 
0:2:12 16.98 0.00000000 0.00000000 -99.00 -99.00 0.00 0.39 0.00 18.40 1015.65 54.05 6 1 17 
0:2:12 17.18 0.00000000 0.00000000 -99.00 -99.00 0.00 0.39 0.00 18.40 1015.59 54.06 6 1 17 
0:2:12 17.38 0.00000000 0.00000000 -99.00 -99.00 0.00 0.39 0.00 18.40 1015.62 54.06 6 1 17 
0:2:12 17.58 0.00000000 0.00000000 -99.00 -99.00 0.00 0.39 0.00 18.40 1015.65 54.06 6 1 17 
0:2:12 17.78 0.00000000 0.00000000 -99.00 -99.00 0.00 0.39 0.00 18.40 1015.62 54.08 6 1 17 
0:2:13 17.98 0.00000000 0.00000000 -99.00 -99.00 0.00 0.39 0.00 18.40 1015.62 54.08 6 1 17 
0:2:13 18.19 0.00000000 0.00000000 -99.00 -99.00 0.00 0.39 0.00 18.40 1015.57 54.08 6 1 17 
0:2:13 18.39 0.00000000 0.00000000 -99.00 -99.00 0.00 0.40 0.00 18.40 1015.59 54.07 6 1 17 
0:2:13 18.59 0.00000000 0.00000000 -99.00 -99.00 0.00 0.39 0.00 18.39 1015.60 54.07 6 1 17 
0:2:13 18.79 0.00000000 0.00000000 -99.00 -99.00 0.00 0.39 0.00 18.40 1015.62 54.07 6 1 17 
0:2:14 18.99 0.00000000 0.00000000 -99.00 -99.00 0.00 0.40 0.00 18.39 1015.63 54.09 6 1 17 
0:2:14 19.19 0.00000000 0.00000000 -99.00 -99.00 0.00 0.40 0.00 18.39 1015.63 54.09 6 1 17 
0:2:14 19.39 0.00000000 0.00000000 -99.00 -99.00 0.00 0.40 0.00 18.39 1015.63 54.08 6 1 17 
0:2:14 19.59 0.00000000 0.00000000 -99.00 -99.00 0.00 0.40 0.00 18.39 1015.54 54.07 6 1 17 
0:2:14 19.79 0.00000000 0.00000000 -99.00 -99.00 0.00 0.40 0.00 18.39 1015.60 54.09 6 1 17 
0:2:15 20.00 0.00000000 0.00000000 -99.00 -99.00 0.00 0.40 0.01 18.39 1015.64 54.09 6 1 17 
0:2:15 20.20 0.00000000 0.00000000 -99.00 -99.00 0.00 0.40 0.00 18.39 1015.59 54.09 6 1 17 
0:2:15 20.40 0.00000000 0.00000000 -99.00 -99.00 0.00 0.40 0.01 18.39 1015.59 54.09 6 1 17 
0:2:15 20.60 0.00000000 0.00000000 -99.00 -99.00 0.00 0.40 0.01 18.39 1015.61 54.08 6 1 17 
0:2:15 20.80 0.00000000 0.00000000 -99.00 -99.00 0.00 0.40 0.01 18.39 1015.62 54.10 6 1 17 
0:2:16 21.00 0.00000000 0.00000000 -99.00 -99.00 0.00 0.40 0.01 18.38 1015.61 54.11 6 1 17 
0:2:16 21.20 0.00000000 0.00000000 -99.00 -99.00 0.00 0.40 0.00 18.38 1015.63 54.11 6 1 17 
0:2:16 21.40 0.00000000 0.00000000 -99.00 -99.00 0.00 0.40 0.00 18.38 1015.63 54.11 6 1 17 
0:2:16 21.60 0.00000000 0.00000000 -99.00 -99.00 0.00 0.40 0.00 18.38 1015.64 54.12 6 1 17 
0:2:16 21.80 0.00000000 0.00000000 -99.00 -99.00 0.00 0.40 0.01 18.38 1015.62 54.12 6 1 17 
0:2:17 22.00 0.00000000 0.00000000 -99.00 -99.00 0.00 0.40 0.01 18.37 1015.60 54.10 6 1 17 
0:2:17 22.21 0.00000000 0.00000000 -99.00 -99.00 0.00 0.40 0.01 18.38 1015.63 54.13 6 1 17 
0:2:17 22.41 0.00000000 0.00000000 -99.00 -99.00 0.00 0.40 0.00 18.38 1015.63 54.13 6 1 17 
0:2:17 22.61 0.00000000 0.00000000 -99.00 -99.00 0.00 0.40 0.01 18.38 1015.59 54.13 6 1 17 
0:2:17 22.81 0.00000000 0.00000000 -99.00 -99.00 0.00 0.40 0.00 18.38 1015.63 54.14 6 1 17 
0:2:18 23.01 0.00000000 0.00000000 -99.00 -99.00 0.00 0.40 0.00 18.37 1015.67 54.14 6 1 17 
0:2:18 23.21 0.00000000 0.00000000 -99.00 -99.00 0.00 0.40 0.00 18.37 1015.62 54.14 6 1 17 
0:2:18 23.41 0.00000000 0.00000000 -99.00 -99.00 0.00 0.40 0.00 18.37 1015.61 54.15 6 1 17 
0:2:18 23.61 0.00000000 0.00000000 -99.00 -99.00 0.00 0.40 0.00 18.37 1015.60 54.16 6 1 17 
0:2:18 23.81 0.00000000 0.00000000 -99.00 -99.00 0.00 0.40 0.00 18.37 1015.65 54.16 6 1 17 
0:2:18 24.01 0.00000000 0.00000000 -99.00 -99.00 0.00 0.40 0.00 18.36 1015.57 54.16 6 1 17 
0:2:18 24.22 0.00000000 0.00000000 -99.00 -99.00 0.00 0.40 0.00 18.37 1015.64 54.16 6 1 17 
0:2:18 24.42 0.00000000 0.00000000 -99.00 -99.00 0.00 0.40 0.00 18.37 1015.63 54.17 6 1 17 
0:2:18 24.62 0.00000000 0.00000000 -99.00 -99.00 0.00 0.39 0.00 18.37 1015.62 54.17 6 1 17 
0:2:18 24.82 0.00000000 0.00000000 -99.00 -99.00 0.00 0.39 0.00 18.36 1015.61 54.20 6 1 17 
0:2:18 25.02 0.00000000 0.00000000 -99.00 -99.00 0.00 0.39 0.00 18.36 1015.58 54.18 6 1 17 
0:2:18 25.22 0.00000000 0.00000000 -99.00 -99.00 0.00 0.39 0.00 18.35 1015.61 54.18 6 1 17 
0:2:18 25.42 0.00000000 0.00000000 -99.00 -99.00 0.00 0.39 0.00 18.36 1015.60 54.18 6 1 17 
0:2:18 25.62 0.00000000 0.00000000 -99.00 -99.00 0.00 0.39 0.00 18.36 1015.60 54.18 6 1 17 
0:2:18 25.82 0.00000000 0.00000000 -99.00 -99.00 0.00 0.40 0.01 18.36 1015.60 54.19 6 1 17 
0:2:18 26.03 0.00000000 0.00000000 -99.00 -99.00 0.00 0.41 0.11 18.36 1015.64 54.19 6 1 17 
0:2:18 26.23 0.00000000 0.00000000 -99.00 -99.00 0.00 0.41 0.20 18.36 1015.60 54.19 6 1 17 
0:2:18 26.43 0.00000000 0.00000000 -99.00 -99.00 0.00 0.41 0.20 18.35 1015.59 54.19 6 1 17 
0:2:18 26.63 0.00000000 0.00000000 -99.00 -99.00 0.00 0.41 0.20 18.36 1015.60 54.21 6 1 17 
0:2:18 26.83 0.00000000 0.00000000 -99.00 -99.00 0.00 0.41 0.20 18.36 1015.64 54.21 6 1 17 
0:2:18 27.03 0.00000000 0.00000000 -99.00 -99.00 0.00 0.41 0.20 18.36 1015.63 54.21 6 1 17 
0:2:18 27.23 0.00000000 0.00000000 -99.00 -99.00 0.00 0.41 0.20 18.36 1015.59 54.21 6 1 17 
0:2:18 27.43 0.00000000 0.00000000 -99.00 -99.00 0.00 0.41 0.20 18.35 1015.61 54.21 6 1 17 
0:2:18 27.64 0.00000000 0.00000000 -99.00 -99.00 0.00 0.41 0.20 18.35 1015.62 54.22 6 1 17 
0:2:18 27.84 0.00000000 0.00000000 -99.00 -99.00 0.00 0.41 0.20 18.35 1015.60 54.22 6 1 17 
0:2:22 28.04 0.00000000 0.00003660 -99.00 -99.00 0.00 0.41 0.20 18.35 1015.60 54.22 6 1 17 
0:2:22 28.24 0.00000000 0.00003660 -99.00 -99.00 0.00 0.41 0.20 18.35 1015.60 54.22 6 1 17 
0:2:22 28.44 0.00000000 0.00003660 -99.00 -99.00 0.00 0.41 0.20 18.35 1015.62 54.23 6 1 17 
0:2:22 28.64 0.00000000 0.00003660 -99.00 -99.00 0.00 0.41 0.11 18.35 1015.63 54.23 6 1 17 
0:2:22 28.84 0.00000000 0.00003660 -99.00 -99.00 0.00 0.41 0.11 18.34 1015.63 54.23 6 1 17 
0:2:23 29.04 0.00000000 0.00000000 -99.00 -99.00 0.00 0.41 0.11 18.34 1015.60 54.24 6 1 17 
0:2:23 29.25 0.00000000 0.00000000 -99.00 -99.00 0.00 0.41 0.11 18.34 1015.61 54.24 6 1 17 
0:2:23 29.45 0.00000000 0.00000000 -99.00 -99.00 0.00 0.41 0.20 18.34 1015.57 54.24 6 1 17 
0:2:23 29.65 0.00000000 0.00000000 -99.00 -99.00 0.00 0.41 0.11 18.34 1015.55 54.24 6 1 17 
0:2:23 29.85 0.00000000 0.00000000 -99.00 -99.00 0.00 0.41 0.20 18.34 1015.58 54.24 6 1 17 
0:2:24 30.05 0.00000000 0.00000000 -99.00 -99.00 0.00 0.41 0.11 18.33 1015.57 54.24 6 1 17 
0:2:24 30.25 0.00000000 0.00000000 -99.00 -99.00 0.00 0.41 0.20 18.33 1015.56 54.24 6 1 17 
0:2:24 30.45 0.00000000 0.00000000 -99.00 -99.00 0.00 0.41 0.11 18.34 1015.61 54.25 6 1 17 
0:2:24 30.65 0.00000000 0.00000000 -99.00 -99.00 0.00 0.41 0.11 18.34 1015.59 54.25 6 1 17 
0:2:24 30.86 0.00000000 0.00000000 -99.00 -99.00 0.00 0.41 0.11 18.33 1015.59 54.25 6 1 17 
0:2:25 31.06 0.00000000 0.00000000 -99.00 -99.00 0.00 0.41 0.20 18.33 1015.60 54.26 6 1 17 
0:2:25 31.26 0.00000000 0.00000000 -99.00 -99.00 0.00 0.41 0.11 18.33 1015.60 54.26 6 1 17 
0:2:25 31.46 0.00000000 0.00000000 -99.00 -99.00 0.00 0.41 0.20 18.33 1015.57 54.26 6 1 17 
0:2:25 31.66 0.00000000 0.00000000 -99.00 -99.00 0.00 0.41 0.11 18.33 1015.60 54.33 6 1 17 
0:2:25 31.86 0.00000000 0.00000000 -99.00 -99.00 0.00 0.41 0.20 18.34 1015.60 54.26 6 1 17 
0:2:27 32.06 0.00000000 0.00000000 -99.00 -99.00 0.00 0.41 0.11 18.34 1015.56 54.26 6 1 17 
0:2:27 32.26 0.00000000 0.00000000 -99.00 -99.00 0.00 0.41 0.11 18.34 1015.59 54.26 6 1 17 
0:2:27 32.46 0.00000000 0.00000000 -99.00 -99.00 0.00 0.41 0.11 18.35 1015.58 54.26 6 1 17 
0:2:27 32.67 0.00000000 0.00000000 -99.00 -99.00 0.00 0.41 0.11 18.35 1015.57 54.27 6 1 17 
0:2:27 32.87 0.00000000 0.00000000 -99.00 -99.00 0.00 0.41 0.20 18.34 1015.58 54.27 6 1 17 
0:2:28 33.07 0.00000000 0.00000000 -99.00 -99.00 0.00 0.41 0.11 18.34 1015.56 54.26 6 1 17 
0:2:28 33.27 0.00000000 0.00000000 -99.00 -99.00 0.00 0.41 0.11 18.35 1015.58 54.26 6 1 17 
0:2:28 33.47 0.00000000 0.00000000 -99.00 -99.00 0.00 0.41 0.11 18.34 1015.57 54.26 6 1 17 
0:2:28 33.67 0.00000000 0.00000000 -99.00 -99.00 0.00 0.41 0.11 18.34 1015.60 54.26 6 1 17 
0:2:28 33.87 0.00000000 0.00000000 -99.00 -99.00 0.00 0.41 0.11 18.34 1015.60 54.27 6 1 17 
0:2:29 34.07 0.00000000 0.00000000 -99.00 -99.00 0.00 0.41 0.11 18.34 1015.60 54.26 6 1 17 
0:2:29 34.28 0.00000000 0.00000000 -99.00 -99.00 0.00 0.41 0.11 18.34 1015.61 54.27 6 1 17 
0:2:29 34.48 0.00000000 0.00000000 -99.00 -99.00 0.00 0.41 0.11 18.34 1015.56 54.27 6 1 17 
0:2:29 34.68 0.00000000 0.00000000 -99.00 -99.00 0.00 0.41 0.11 18.33 1015.60 54.27 6 1 17 
0:2:30 34.88 0.00000000 0.00000000 -99.00 -99.00 0.00 0.41 0.11 18.33 1015.54 54.27 6 1 17 
0:2:30 35.08 0.00000000 0.00000000 -99.00 -99.00 0.00 0.40 0.01 18.34 1015.55 54.28 6 1 17 
0:2:30 35.28 0.00000000 0.00000000 -99.00 -99.00 0.00 0.40 0.00 18.34 1015.61 54.28 6 1 17 
0:2:30 35.48 0.00000000 0.00000000 -99.00 -99.00 0.00 0.40 0.00 18.34 1015.60 54.27 6 1 17 
0:2:30 35.68 0.00000000 0.00000000 -99.00 -99.00 0.00 0.39 0.00 18.34 1015.62 54.27 6 1 17 
0:2:31 35.88 0.00000000 0.00000000 -99.00 -99.00 0.00 0.40 0.00 18.34 1015.63 54.27 6 1 17 
0:2:31 36.09 0.00000000 0.00000000 -99.00 -99.00 0.00 0.40 0.00 18.34 1015.62 54.27 6 1 17 
0:2:31 36.29 0.00000000 0.00000000 -99.00 -99.00 0.00 0.39 0.00 18.34 1015.63 54.27 6 1 17 
0:2:31 36.49 0.00000000 0.00000000 -99.00 -99.00 0.00 0.39 0.00 18.34 1015.60 54.26 6 1 17 
0:2:31 36.69 0.00000000 0.00000000 -99.00 -99.00 0.00 0.39 0.00 18.34 1015.58 54.28 6 1 17 
0:2:32 36.89 0.00000000 0.00000000 -99.00 -99.00 0.00 0.39 0.00 18.34 1015.60 54.27 6 1 17 
0:2:32 37.09 0.00000000 0.00000000 -99.00 -99.00 0.00 0.39 0.00 18.34 1015.57 54.27 6 1 17 
0:2:32 37.29 0.00000000 0.00000000 -99.00 -99.00 0.00 0.39 0.00 18.34 1015.55 54.27 6 1 17 
0:2:32 37.49 0.00000000 0.00000000 -99.00 -99.00 0.00 0.40 0.00 18.34 1015.58 54.27 6 1 17 
0:2:32 37.69 0.00000000 0.00000000 -99.00 -99.00 0.00 0.39 0.00 18.34 1015.60 54.28 6 1 17 
0:2:33 37.89 0.00000000 0.00000000 -99.00 -99.00 0.00 0.40 0.00 18.34 1015.61 54.28 6 1 17 
0:2:33 38.10 0.00000000 0.00000000 -99.00 -99.00 0.00 0.39 0.00 18.33 1015.61 54.27 6 1 17 
0:2:33 38.30 0.00000000 0.00000000 -99.00 -99.00 0.00 0.39 0.00 18.33 1015.57 54.28 6 1 17 
0:2:33 38.50 0.00000000 0.00000000 -99.00 -99.00 0.00 0.39 0.00 18.33 1015.55 54.28 6 1 17 
0:2:33 38.70 0.00000000 0.00000000 -99.00 -99.00 0.00 0.40 0.00 18.33 1015.57 54.27 6 1 17 
0:2:34 38.90 0.00000000 0.00000000 -99.00 -99.00 0.00 0.39 0.00 18.33 1015.60 54.28 6 1 17 
0:2:34 39.10 0.00000000 0.00000000 -99.00 -99.00 0.00 0.39 0.00 18.33 1015.58 54.28 6 1 17 
0:2:34 39.30 0.00000000 0.00000000 -99.00 -99.00 0.00 0.39 0.00 18.33 1015.59 54.29 6 1 17 
0:2:34 39.50 0.00000000 0.00000000 -99.00 -99.00 0.00 0.40 0.00 18.33 1015.58 54.29 6 1 17 
0:2:34 39.71 0.00000000 0.00000000 -99.00 -99.00 0.00 0.39 0.00 18.33 1015.57 54.29 6 1 17 
0:2:35 39.91 0.00000000 0.00000000 -99.00 -99.00 0.00 0.40 0.00 18.33 1015.59 54.29 6 1 17 
0:2:35 40.11 0.00000000 0.00000000 -99.00 -99.00 0.00 0.40 0.00 18.32 1015.62 54.30 6 1 17 
0:2:35 40.31 0.00000000 0.00000000 -99.00 -99.00 0.00 0.40 0.00 18.33 1015.59 54.30 6 1 17 
0:2:35 40.51 0.00000000 0.00000000 -99.00 -99.00 0.00 0.40 0.00 18.33 1015.62 54.30 6 1 17 
0:2:35 40.71 0.00000000 0.00000000 -99.00 -99.00 0.00 0.39 0.00 18.33 1015.61 54.30 6 1 17 
0:2:36 40.91 0.00000000 0.00000000 -99.00 -99.00 0.00 0.40 0.00 18.33 1015.55 54.30 6 1 17 
0:2:36 41.11 0.00000000 0.00000000 -99.00 -99.00 0.00 0.39 0.00 18.33 1015.57 54.31 6 1 17 
0:2:36 41.31 0.00000000 0.00000000 -99.00 -99.00 0.00 0.39 0.00 18.33 1015.65 54.32 6 1 17 
0:2:36 41.52 0.00000000 0.00000000 -99.00 -99.00 0.00 0.40 0.00 18.32 1015.57 54.25 6 1 17 
0:2:36 41.72 0.00000000 0.00000000 -99.00 -99.00 0.00 0.41 0.11 18.32 1015.58 54.32 6 1 17 
0:2:37 41.92 0.00000000 0.00000000 -99.00 -99.00 0.00 0.41 0.11 18.33 1015.56 54.32 6 1 17 
0:2:37 42.12 0.00000000 0.00000000 -99.00 -99.00 0.00 0.41 0.11 18.33 1015.61 54.32 6 1 17 
0:2:37 42.32 0.00000000 0.00000000 -99.00 -99.00 0.00 0.41 0.11 18.33 1015.55 54.32 6 1 17 
0:2:37 42.52 0.00000000 0.00000000 -99.00 -99.00 0.00 0.41 0.11 18.33 1015.61 54.30 6 1 17 
0:2:37 42.72 0.00000000 0.00000000 -99.00 -99.00 0.00 0.41 0.11 18.33 1015.58 54.32 6 1 17 
0:2:38 42.93 0.00000000 0.00000000 -99.00 -99.00 0.00 0.41 0.20 18.33 1015.63 54.33 6 1 17 
0:2:38 43.13 0.00000000 0.00000000 -99.00 -99.00 0.00 0.41 0.11 18.32 1015.58 54.33 6 1 17 
0:2:38 43.33 0.00000000 0.00000000 -99.00 -99.00 0.00 0.41 0.11 18.33 1015.59 54.32 6 1 17 
0:2:38 43.53 0.00000000 0.00000000 -99.00 -99.00 0.00 0.41 0.11 18.33 1015.61 54.33 6 1 17 
0:2:38 43.73 0.00000000 0.00000000 -99.00 -99.00 0.00 0.41 0.20 18.33 1015.61 54.32 6 1 17 
0:2:39 43.93 0.00000000 0.00000000 -99.00 -99.00 0.00 0.41 0.11 18.33 1015.56 54.32 6 1 17 
0:2:39 44.13 0.00000000 0.00000000 -99.00 -99.00 0.00 0.41 0.11 18.32 1015.60 54.32 6 1 17 
0:2:39 44.33 0.00000000 0.00000000 -99.00 -99.00 0.00 0.41 0.11 18.33 1015.60 54.32 6 1 17 
0:2:39 44.53 0.00000000 0.00000000 -99.00 -99.00 0.00 0.40 0.01 18.33 1015.59 54.33 6 1 17 
0:2:39 44.73 0.00000000 0.00000000 -99.00 -99.00 0.00 0.40 0.01 18.33 1015.61 54.32 6 1 17 
0:2:40 44.94 0.00000000 0.00000000 -99.00 -99.00 0.00 0.40 0.00 18.33 1015.62 54.32 6 1 17 
0:2:40 45.14 0.00000000 0.00000000 -99.00 -99.00 0.00 0.40 0.01 18.34 1015.63 54.32 6 1 17 
0:2:40 45.34 0.00000000 0.00000000 -99.00 -99.00 0.00 0.40 0.01 18.33 1015.60 54.32 6 1 17 
0:2:40 45.54 0.00000000 0.00000000 -99.00 -99.00 0.00 0.40 0.00 18.34 1015.61 54.32 6 1 17 
0:2:40 45.74 0.00000000 0.00000000 -99.00 -99.00 0.00 0.40 0.00 18.34 1015.59 54.32 6 1 17 
0:2:41 45.94 0.00000000 0.00000000 -99.00 -99.00 0.00 0.40 0.00 18.33 1015.58 54.32 6 1 17 
0:2:41 46.14 0.00000000 0.00000000 -99.00 -99.00 0.00 0.40 0.00 18.33 1015.59 54.29 6 1 17 
0:2:41 46.34 0.00000000 0.00000000 -99.00 -99.00 0.00 0.40 0.00 18.34 1015.55 54.32 6 1 17 
0:2:41 46.54 0.00000000 0.00000000 -99.00 -99.00 0.00 0.40 0.00 18.34 1015.62 54.32 6 1 17 
0:2:41 46.74 0.00000000 0.00000000 -99.00 -99.00 0.00 0.40 0.00 18.34 1015.56 54.32 6 1 17 
0:2:42 46.95 0.00000000 0.00000000 -99.00 -99.00 0.00 0.40 0.01 18.33 1015.58 54.32 6 1 17 
0:2:42 47.15 0.00000000 0.00000000 -99.00 -99.00 0.00 0.40 0.00 18.34 1015.58 54.31 6 1 17 
0:2:42 47.35 0.00000000 0.00000000 -99.00 -99.00 0.00 0.40 0.00 18.34 1015.58 54.31 6 1 17 
0:2:42 47.55 0.00000000 0.00000000 -99.00 -99.00 0.00 0.40 0.01 18.34 1015.58 54.31 6 1 17 
0:2:42 47.75 0.00000000 0.00000000 -99.00 -99.00 0.00 0.40 0.00 18.34 1015.64 54.31 6 1 17 
0:2:43 47.95 0.00000000 0.00000000 -99.00 -99.00 0.00 0.40 0.01 18.34 1015.61 54.31 6 1 17 
0:2:43 48.15 0.00000000 0.00000000 -99.00 -99.00 0.00 0.40 0.00 18.34 1015.61 54.31 6 1 17 
0:2:43 48.35 0.00000000 0.00000000 -99.00 -99.00 0.00 0.40 0.00 18.34 1015.56 54.31 6 1 17 
0:2:43 48.56 0.00000000 0.00000000 -99.00 -99.00 0.00 0.40 0.00 18.34 1015.60 54.27 6 1 17 
0:2:43 48.76 0.00000000 0.00000000 -99.00 -99.00 0.00 0.40 0.00 18.34 1015.57 54.29 6 1 17 
0:2:44 48.96 0.00000000 0.00000000 -99.00 -99.00 0.00 0.40 0.00 18.33 1015.60 54.29 6 1 17 
0:2:44 49.16 0.00000000 0.00000000 -99.00 -99.00 0.00 0.40 0.01 18.34 1015.57 54.31 6 1 17 
0:2:44 49.36 0.00000000 0.00000000 -99.00 -99.00 0.00 0.40 0.01 18.34 1015.57 54.30 6 1 17 
0:2:44 49.56 0.00000000 0.00000000 -99.00 -99.00 0.00 0.41 0.11 18.34 1015.59 54.31 6 1 17 
0:2:44 49.76 0.00000000 0.00000000 -99.00 -99.00 0.00 0.41 0.11 18.34 1015.59 54.30 6 1 17 
0:2:45 49.96 0.00000000 0.00000000 -99.00 -99.00 0.00 0.41 0.20 18.34 1015.59 54.30 6 1 17 
0:2:45 50.16 0.00000000 0.00000000 -99.00 -99.00 0.00 0.41 0.20 18.35 1015.59 54.30 6 1 17 
0:2:45 50.37 0.00000000 0.00000000 -99.00 -99.00 0.00 0.41 0.11 18.34 1015.60 54.30 6 1 17 
0:2:45 50.57 0.00000000 0.00000000 -99.00 -99.00 0.00 0.41 0.11 18.35 1015.57 54.30 6 1 17 
0:2:45 50.77 0.00000000 0.00000000 -99.00 -99.00 0.00 0.41 0.11 18.34 1015.57 54.30 6 1 17 
0:2:46 50.97 0.00000000 0.00000000 -99.00 -99.00 0.00 0.41 0.11 18.34 1015.59 54.28 6 1 17 
0:2:46 51.17 0.00000000 0.00000000 -99.00 -99.00 0.00 0.41 0.11 18.35 1015.61 54.30 6 1 17 
0:2:46 51.37 0.00000000 0.00000000 -99.00 -99.00 0.00 0.41 0.20 18.35 1015.57 54.30 6 1 17 
0:2:46 51.57 0.00000000 0.00000000 -99.00 -99.00 0.00 0.41 0.11 18.35 1015.59 54.29 6 1 17 
0:2:46 51.77 0.00000000 0.00000000 -99.00 -99.00 0.00 0.41 0.11 18.35 1015.60 54.29 6 1 17 
0:2:47 51.97 0.00000000 0.00000000 -99.00 -99.00 0.00 0.41 0.20 18.35 1015.60 54.29 6 1 17 
0:2:47 52.18 0.00000000 0.00000000 -99.00 -99.00 0.00 0.41 0.11 18.35 1015.59 54.29 6 1 17 
0:2:47 52.38 0.00000000 0.00000000 -99.00 -99.00 0.00 0.41 0.11 18.35 1015.61 54.29 6 1 17 
0:2:47 52.58 0.00000000 0.00000000 -99.00 -99.00 0.00 0.41 0.11 18.35 1015.61 54.29 6 1 17 
0:2:47 52.78 0.00000000 0.00000000 -99.00 -99.00 0.00 0.41 0.11 18.35 1015.58 54.27 6 1 17 
0:2:48 52.98 0.00000000 0.00000000 -99.00 -99.00 0.00 0.41 0.11 18.35 1015.62 54.27 6 1 17 
0:2:48 53.18 0.00000000 0.00000000 -99.00 -99.00 0.00 0.41 0.11 18.35 1015.61 54.27 6 1 17 
0:2:48 53.38 0.00000000 0.00000000 -99.00 -99.00 0.00 0.41 0.20 18.35 1015.59 54.27 6 1 17 
0:2:48 53.58 0.00000000 0.00000000 -99.00 -99.00 0.00 0.41 0.11 18.36 1015.58 54.27 6 1 17 
0:2:48 53.78 0.00000000 0.00000000 -99.00 -99.00 0.00 0.41 0.11 18.36 1015.61 54.27 6 1 17 
0:2:49 53.99 0.00000000 0.00000000 -99.00 -99.00 0.00 0.40 0.01 18.36 1015.60 54.27 6 1 17 
0:2:49 54.19 0.00000000 0.00000000 -99.00 -99.00 0.00 0.41 0.11 18.36 1015.59 54.28 6 1 17 
0:2:49 54.39 0.00000000 0.00000000 -99.00 -99.00 0.00 0.41 0.11 18.36 1015.54 54.26 6 1 17 
0:2:49 54.59 0.00000000 0.00000000 -99.00 -99.00 0.00 0.40 0.01 18.36 1015.59 54.26 6 1 17 
0:2:49 54.79 0.00000000 0.00000000 -99.00 -99.00 0.00 0.40 0.01 18.36 1015.57 54.26 6 1 17 
0:2:50 54.99 0.00000000 0.00000000 -99.00 -99.00 0.00 0.40 0.01 18.35 1015.60 54.26 6 1 17 
0:2:50 55.19 0.00000000 0.00000000 -99.00 -99.00 0.00 0.40 0.01 18.36 1015.58 54.26 6 1 17 
0:2:50 55.39 0.00000000 0.00000000 -99.00 -99.00 0.00 0.40 0.01 18.36 1015.61 54.26 6 1 17 
0:2:50 55.60 0.00000000 0.00000000 -99.00 -99.00 0.00 0.40 0.01 18.36 1015.57 54.26 6 1 17 
0:2:50 55.80 0.00000000 0.00000000 -99.00 -99.00 0.00 0.40 0.01 18.36 1015.60 54.26 6 1 17 
0:2:51 56.00 0.00000000 0.00000000 -99.00 -99.00 0.00 0.40 0.01 18.37 1015.60 54.26 6 1 17 
0:2:51 56.20 0.00000000 0.00000000 -99.00 -99.00 0.00 0.40 0.01 18.37 1015.60 54.26 6 1 17 
0:2:51 56.40 0.00000000 0.00000000 -99.00 -99.00 0.00 0.41 0.11 18.37 1015.59 54.26 6 1 17 
0:2:51 56.60 0.00000000 0.00000000 -99.00 -99.00 0.00 0.40 0.01 18.37 1015.56 54.26 6 1 17 
0:2:51 56.80 0.00000000 0.00000000 -99.00 -99.00 0.00 0.40 0.01 18.37 1015.56 54.26 6 1 17 
0:2:52 57.00 0.00000000 0.00000000 -99.00 -99.00 0.00 0.40 0.01 18.36 1015.55 54.26 6 1 17 
0:2:52 57.20 0.00000000 0.00000000 -99.00 -99.00 0.00 0.40 0.00 18.36 1015.59 54.28 6 1 17 
0:2:52 57.40 0.00000000 0.00000000 -99.00 -99.00 0.00 0.40 0.00 18.36 1015.56 54.28 6 1 17 
0:2:52 57.61 0.00000000 0.00000000 -99.00 -99.00 0.00 0.40 0.00 18.36 1015.59 54.29 6 1 17 
0:2:52 57.81 0.00000000 0.00000000 -99.00 -99.00 0.00 0.40 0.00 18.37 1015.62 54.30 6 1 17 
0:2:53 58.01 0.00000000 0.00000000 -99.00 -99.00 0.00 0.40 0.00 18.36 1015.57 54.31 6 1 17 
0:2:53 58.21 0.00000000 0.00000000 -99.00 -99.00 0.00 0.40 0.00 18.36 1015.60 54.31 6 1 17 
0:2:53 58.41 0.00000000 0.00000000 -99.00 -99.00 0.00 0.41 0.11 18.37 1015.63 54.31 6 1 17 
0:2:53 58.61 0.00000000 0.00000000 -99.00 -99.00 0.00 0.41 0.20 18.37 1015.60 54.31 6 1 17 
0:2:53 58.81 0.00000000 0.00000000 -99.00 -99.00 0.00 0.41 0.20 18.36 1015.58 54.30 6 1 17 
0:2:54 59.01 0.00000000 0.00000000 -99.00 -99.00 0.00 0.41 0.20 18.36 1015.54 54.30 6 1 17 
0:2:54 59.22 0.00000000 0.00000000 -99.00 -99.00 0.00 0.41 0.20 18.36 1015.59 54.30 6 1 17 
0:2:54 59.42 0.00000000 0.00000000 -99.00 -99.00 0.00 0.41 0.20 18.36 1015.60 54.30 6 1 17 
0:2:54 59.62 0.00000000 0.00000000 -99.00 -99.00 0.00 0.42 0.30 18.36 1015.61 54.29 6 1 17 
0:2:54 59.82 0.00000000 0.00000000 -99.00 -99.00 0.00 0.42 0.40 18.36 1015.60 54.29 6 1 17 
0:2:55 60.02 0.00000000 0.00000000 -99.00 -99.00 0.00 0.42 0.40 18.37 1015.58 54.28 6 1 17 
0:2:55 60.22 0.00000000 0.00000000 -99.00 -99.00 0.00 0.42 0.40 18.37 1015.59 54.28 6 1 17 
0:2:55 60.42 0.00000000 0.00000000 -99.00 -99.00 0.00 0.42 0.40 18.37 1015.62 54.28 6 1 17 
0:2:55 60.62 0.00000000 0.00000000 -99.00 -99.00 0.00 0.42 0.40 18.37 1015.57 54.26 6 1 17 
0:2:55 60.82 0.00000000 0.00000000 -99.00 -99.00 0.00 0.42 0.50 18.37 1015.60 54.26 6 1 17 
0:2:56 61.03 0.00000000 0.00000000 -99.00 -99.00 0.00 0.42 0.50 18.37 1015.60 54.26 6 1 17 
0:2:56 61.23 0.00000000 0.00000000 -99.00 -99.00 0.00 0.42 0.50 18.37 1015.56 54.27 6 1 17 
0:2:56 61.43 0.00000000 0.00000000 -99.00 -99.00 0.00 0.42 0.40 18.38 1015.63 54.27 6 1 17 
0:2:56 61.63 0.00000000 0.00000000 -99.00 -99.00 0.00 0.42 0.40 18.37 1015.60 54.25 6 1 17 
0:2:56 61.83 0.00000000 0.00000000 -99.00 -99.00 0.00 0.42 0.50 18.37 1015.64 54.25 6 1 17 
0:2:56 62.03 0.00000000 0.00000000 -99.00 -99.00 0.00 0.42 0.40 18.38 1015.61 54.25 6 1 17 
0:2:56 62.23 0.00000000 0.00000000 -99.00 -99.00 0.00 0.42 0.40 18.37 1015.64 54.24 6 1 17 
0:2:56 62.43 0.00000000 0.00000000 -99.00 -99.00 0.00 0.42 0.40 18.37 1015.60 54.25 6 1 17 
0:2:56 62.63 0.00000000 0.00000000 -99.00 -99.00 0.00 0.42 0.30 18.38 1015.66 54.24 6 1 17 
0:2:56 62.84 0.00000000 0.00000000 -99.00 -99.00 0.00 0.42 0.30 18.38 1015.62 54.24 6 1 17 
0:2:56 63.04 0.00000000 0.00000000 -99.00 -99.00 0.00 0.42 0.30 18.38 1015.64 54.23 6 1 17 
0:2:56 63.24 0.00000000 0.00000000 -99.00 -99.00 0.00 0.42 0.30 18.38 1015.62 54.24 6 1 17 
0:2:56 63.44 0.00000000 0.00000000 -99.00 -99.00 0.00 0.42 0.30 18.38 1015.65 54.23 6 1 17 
0:2:56 63.64 0.00000000 0.00000000 -99.00 -99.00 0.00 0.41 0.20 18.38 1015.64 54.23 6 1 17 
0:2:56 63.84 0.00000000 0.00000000 -99.00 -99.00 0.00 0.41 0.20 18.38 1015.61 54.23 6 1 17 
0:2:56 64.04 0.00000000 0.00000000 -99.00 -99.00 0.00 0.41 0.20 18.38 1015.70 54.23 6 1 17 
0:2:56 64.24 0.00000000 0.00000000 -99.00 -99.00 0.00 0.41 0.20 18.38 1015.59 54.22 6 1 17 
0:2:56 64.44 0.00000000 0.00000000 -99.00 -99.00 0.00 0.41 0.20 18.38 1015.63 54.23 6 1 17 
0:2:56 64.65 0.00000000 0.00000000 -99.00 -99.00 0.00 0.41 0.20 18.38 1015.59 54.22 6 1 17 
0:2:56 64.85 0.00000000 0.00000000 -99.00 -99.00 0.00 0.41 0.20 18.38 1015.66 54.22 6 1 17 
0:2:56 65.05 0.00000000 0.00000000 -99.00 -99.00 0.00 0.41 0.20 18.38 1015.63 54.22 6 1 17 
0:2:56 65.25 0.00000000 0.00000000 -99.00 -99.00 0.00 0.41 0.11 18.38 1015.62 54.22 6 1 17 
0:2:56 65.45 0.00000000 0.00000000 -99.00 -99.00 0.00 0.41 0.11 18.39 1015.60 54.22 6 1 17 
0:2:56 65.65 0.00000000 0.00000000 -99.00 -99.00 0.00 0.41 0.11 18.38 1015.63 54.22 6 1 17 
