0:0:0 1.06 0.00000000 0.00000000 -99.00 -99.00 0.00 0.56 3.23 19.16 1015.45 51.46 0 0 17 
0:0:0 1.26 0.00000000 0.00000000 -99.00 -99.00 0.00 0.56 3.23 19.20 1015.46 51.47 0 0 17 
19:47:46 1.46 0.00000000 0.00000000 -99.00 -99.00 0.00 0.56 3.13 19.22 1015.48 51.48 18 10 17 
19:47:46 1.66 0.00000000 0.00000000 -99.00 -99.00 0.00 0.56 3.13 19.23 1015.43 51.46 18 10 17 
19:47:46 1.86 0.00000000 0.00000000 -99.00 -99.00 0.00 0.56 3.13 19.24 1015.47 51.45 18 10 17 
19:47:46 2.06 0.00000000 0.00000000 -99.00 -99.00 0.00 0.55 3.04 19.24 1015.44 51.45 18 10 17 
19:47:46 2.26 0.00000000 0.00000000 -99.00 -99.00 0.00 0.56 3.13 19.25 1015.48 51.44 18 10 17 
19:47:47 2.47 0.00000000 0.00000000 -99.00 -99.00 0.00 0.56 3.13 19.25 1015.49 51.44 18 10 17 
19:47:47 2.67 0.00000000 0.00000000 -99.00 -99.00 0.00 0.55 3.04 19.25 1015.49 51.43 18 10 17 
19:47:47 2.87 0.00000000 0.00000000 -99.00 -99.00 0.00 0.55 3.04 19.25 1015.52 51.43 18 10 17 
19:47:47 3.07 0.00000000 0.00000000 -99.00 -99.00 0.00 0.55 3.04 19.26 1015.45 51.43 18 10 17 
19:47:47 3.27 0.00000000 0.00000000 -99.00 -99.00 0.00 0.56 3.13 19.25 1015.46 51.42 18 10 17 
19:47:48 3.47 0.00000000 0.00000000 -99.00 -99.00 0.00 0.56 3.13 19.26 1015.49 51.42 18 10 17 
19:47:48 3.67 0.00000000 0.00000000 -99.00 -99.00 0.00 0.55 2.94 19.26 1015.46 51.42 18 10 17 
19:47:48 3.87 0.00000000 0.00000000 -99.00 -99.00 0.00 0.54 2.74 19.26 1015.43 51.41 18 10 17 
19:47:48 4.07 0.00000000 0.00000000 -99.00 -99.00 0.00 0.53 2.55 19.26 1015.48 51.41 18 10 17 
19:47:48 4.27 0.00000000 0.00000000 -99.00 -99.00 0.00 0.52 2.45 19.27 1015.48 51.41 18 10 17 
19:47:49 4.48 0.00000000 0.00000000 -99.00 -99.00 0.00 0.52 2.35 19.27 1015.49 51.40 18 10 17 
19:47:49 4.68 0.00000000 0.00000000 -99.00 -99.00 0.00 0.52 2.35 19.27 1015.44 51.40 18 10 17 
19:47:49 4.88 0.00000000 0.00000000 -99.00 -99.00 0.00 0.52 2.35 19.27 1015.50 51.39 18 10 17 
19:47:49 5.08 0.00000000 0.00000000 -99.00 -99.00 0.00 0.51 2.25 19.28 1015.49 51.39 18 10 17 
19:47:49 5.28 0.00000000 0.00000000 -99.00 -99.00 0.00 0.51 2.16 19.28 1015.48 51.38 18 10 17 
19:47:50 5.48 0.00000000 0.00000000 -99.00 -99.00 0.00 0.50 2.06 19.28 1015.48 51.38 18 10 17 
19:47:50 5.68 0.00000000 0.00000000 -99.00 -99.00 0.00 0.50 2.06 19.29 1015.53 51.38 18 10 17 
19:47:50 5.88 0.00000000 0.00000000 -99.00 -99.00 0.00 0.50 2.06 19.29 1015.48 51.36 18 10 17 
19:47:50 6.08 0.00000000 0.00000000 -99.00 -99.00 0.00 0.50 2.06 19.29 1015.49 51.35 18 10 17 
19:47:50 6.28 0.00000000 0.00000000 -99.00 -99.00 0.00 0.51 2.16 19.29 1015.46 51.35 18 10 17 
19:47:51 6.48 0.00000000 0.00000000 -99.00 -99.00 0.00 0.51 2.16 19.30 1015.47 51.34 18 10 17 
19:47:51 6.68 0.00000000 0.00000000 -99.00 -99.00 0.00 0.51 2.16 19.30 1015.51 51.34 18 10 17 
19:47:51 6.88 0.00000000 0.00000000 -99.00 -99.00 0.00 0.51 2.25 19.30 1015.46 51.33 18 10 17 
19:47:51 7.08 0.00000000 0.00000000 -99.00 -99.00 0.00 0.52 2.35 19.31 1015.53 51.33 18 10 17 
19:47:51 7.28 0.00000000 0.00000000 -99.00 -99.00 0.00 0.52 2.45 19.31 1015.46 51.32 18 10 17 
19:47:52 7.48 0.00000000 0.00000000 -99.00 -99.00 0.00 0.52 2.45 19.32 1015.51 51.31 18 10 17 
19:47:52 7.69 0.00000000 0.00000000 -99.00 -99.00 0.00 0.52 2.35 19.32 1015.50 51.31 18 10 17 
19:47:52 7.89 0.00000000 0.00000000 -99.00 -99.00 0.00 0.51 2.25 19.32 1015.50 51.30 18 10 17 
19:47:52 8.09 0.00000000 0.00000000 -99.00 -99.00 0.00 0.51 2.16 19.32 1015.48 51.29 18 10 17 
19:47:52 8.29 0.00000000 0.00000000 -99.00 -99.00 0.00 0.51 2.16 19.32 1015.45 51.29 18 10 17 
19:47:53 8.49 0.00000000 0.00000000 -99.00 -99.00 0.00 0.50 1.96 19.33 1015.50 51.28 18 10 17 
19:47:53 8.69 0.00000000 0.00000000 -99.00 -99.00 0.00 0.50 1.96 19.34 1015.51 51.28 18 10 17 
19:47:53 8.89 0.00000000 0.00000000 -99.00 -99.00 0.00 0.49 1.77 19.33 1015.48 51.27 18 10 17 
19:47:53 9.09 0.00000000 0.00000000 -99.00 -99.00 0.00 0.49 1.77 19.34 1015.48 51.27 18 10 17 
19:47:53 9.29 0.00000000 0.00000000 -99.00 -99.00 0.00 0.49 1.77 19.35 1015.50 51.26 18 10 17 
19:47:54 9.49 0.00000000 0.00000000 -99.00 -99.00 0.00 0.49 1.77 19.35 1015.49 51.25 18 10 17 
19:47:54 9.69 0.00000000 0.00000000 -99.00 -99.00 0.00 0.50 1.96 19.35 1015.51 51.24 18 10 17 
19:47:54 9.89 0.00000000 0.00000000 -99.00 -99.00 0.00 0.51 2.16 19.35 1015.50 51.22 18 10 17 
19:47:54 10.09 0.00000000 0.00000000 -99.00 -99.00 0.00 0.52 2.35 19.36 1015.49 51.22 18 10 17 
19:47:54 10.29 0.00000000 0.00000000 -99.00 -99.00 0.00 0.52 2.45 19.36 1015.48 51.21 18 10 17 
19:47:55 10.49 0.00000000 0.00000000 -99.00 -99.00 0.00 0.52 2.45 19.36 1015.52 51.21 18 10 17 
19:47:55 10.69 0.00000000 0.00000000 -99.00 -99.00 0.00 0.53 2.64 19.36 1015.45 51.21 18 10 17 
19:47:55 10.90 0.00000000 0.00000000 -99.00 -99.00 0.00 0.54 2.74 19.36 1015.48 51.20 18 10 17 
19:47:55 11.10 0.00000000 0.00000000 -99.00 -99.00 0.00 0.54 2.74 19.36 1015.49 51.19 18 10 17 
19:47:55 11.30 0.00000000 0.00000000 -99.00 -99.00 0.00 0.54 2.84 19.37 1015.48 51.18 18 10 17 
19:47:55 11.50 0.00000000 0.00000000 -99.00 -99.00 0.00 0.54 2.84 19.37 1015.48 51.18 18 10 17 
19:47:55 11.70 0.00000000 0.00000000 -99.00 -99.00 0.00 0.54 2.84 19.38 1015.50 51.17 18 10 17 
19:47:55 11.90 0.00000000 0.00000000 -99.00 -99.00 0.00 0.54 2.84 19.38 1015.50 51.17 18 10 17 
19:47:55 12.10 0.00000000 0.00000000 -99.00 -99.00 0.00 0.54 2.74 19.38 1015.52 51.16 18 10 17 
19:47:55 12.30 0.00000000 0.00000000 -99.00 -99.00 0.00 0.54 2.74 19.39 1015.48 51.15 18 10 17 
19:47:55 12.50 0.00000000 0.00000000 -99.00 -99.00 0.00 0.54 2.74 19.39 1015.49 51.18 18 10 17 
19:47:55 12.70 0.00000000 0.00000000 -99.00 -99.00 0.00 0.53 2.64 19.40 1015.55 51.14 18 10 17 
19:47:55 12.90 0.00000000 0.00000000 -99.00 -99.00 0.00 0.52 2.45 19.40 1015.55 51.13 18 10 17 
19:47:55 13.10 0.00000000 0.00000000 -99.00 -99.00 0.00 0.52 2.45 19.40 1015.46 51.13 18 10 17 
19:47:55 13.31 0.00000000 0.00000000 -99.00 -99.00 0.00 0.52 2.45 19.40 1015.51 51.10 18 10 17 
19:47:55 13.51 0.00000000 0.00000000 -99.00 -99.00 0.00 0.52 2.45 19.41 1015.47 51.10 18 10 17 
19:47:55 13.71 0.00000000 0.00000000 -99.00 -99.00 0.00 0.52 2.35 19.41 1015.51 51.09 18 10 17 
19:47:55 13.91 0.00000000 0.00000000 -99.00 -99.00 0.00 0.52 2.45 19.42 1015.52 51.08 18 10 17 
19:47:55 14.11 0.00000000 0.00000000 -99.00 -99.00 0.00 0.52 2.35 19.42 1015.49 51.07 18 10 17 
19:47:55 14.31 0.00000000 0.00000000 -99.00 -99.00 0.00 0.52 2.45 19.42 1015.51 51.06 18 10 17 
19:47:55 14.51 0.00000000 0.00000000 -99.00 -99.00 0.00 0.53 2.55 19.43 1015.48 51.06 18 10 17 
19:47:55 14.71 0.00000000 0.00000000 -99.00 -99.00 0.00 0.52 2.45 19.43 1015.44 51.09 18 10 17 
19:47:55 14.91 0.00000000 0.00000000 -99.00 -99.00 0.00 0.53 2.55 19.43 1015.47 51.04 18 10 17 
19:47:55 15.11 0.00000000 0.00000000 -99.00 -99.00 0.00 0.53 2.55 19.43 1015.45 51.03 18 10 17 
19:47:55 15.31 0.00000000 0.00000000 -99.00 -99.00 0.00 0.53 2.55 19.44 1015.45 51.02 18 10 17 
19:47:55 15.51 0.00000000 0.00000000 -99.00 -99.00 0.00 0.53 2.64 19.44 1015.48 51.02 18 10 17 
19:47:55 15.71 0.00000000 0.00000000 -99.00 -99.00 0.00 0.54 2.74 19.44 1015.47 51.01 18 10 17 
19:47:55 15.91 0.00000000 0.00000000 -99.00 -99.00 0.00 0.54 2.74 19.44 1015.48 50.99 18 10 17 
19:47:55 16.11 0.00000000 0.00000000 -99.00 -99.00 0.00 0.54 2.74 19.45 1015.46 51.00 18 10 17 
19:47:55 16.31 0.00000000 0.00000000 -99.00 -99.00 0.00 0.53 2.64 19.45 1015.46 50.99 18 10 17 
19:47:55 16.52 0.00000000 0.00000000 -99.00 -99.00 0.00 0.53 2.64 19.45 1015.51 50.97 18 10 17 
19:47:55 16.72 0.00000000 0.00000000 -99.00 -99.00 0.00 0.53 2.64 19.46 1015.48 50.97 18 10 17 
19:47:55 16.92 0.00000000 0.00000000 -99.00 -99.00 0.00 0.54 2.74 19.46 1015.49 51.00 18 10 17 
19:47:55 17.12 0.00000000 0.00000000 -99.00 -99.00 0.00 0.54 2.74 19.46 1015.52 50.95 18 10 17 
19:47:55 17.32 0.00000000 0.00000000 -99.00 -99.00 0.00 0.54 2.74 19.47 1015.50 50.95 18 10 17 
19:48:1 17.52 0.00000000 0.00000000 -99.00 -99.00 0.00 0.54 2.84 19.48 1015.52 50.94 18 10 17 
19:48:1 17.72 0.00000000 0.00000000 -99.00 -99.00 0.00 0.55 2.94 19.47 1015.49 50.93 18 10 17 
19:48:1 17.92 0.00000000 0.00000000 -99.00 -99.00 0.00 0.55 3.04 19.48 1015.53 50.92 18 10 17 
19:48:1 18.12 0.00000000 0.00000000 -99.00 -99.00 0.00 0.56 3.13 19.48 1015.45 50.92 18 10 17 
19:48:1 18.33 0.00000000 0.00000000 -99.00 -99.00 0.00 0.56 3.23 19.49 1015.49 50.90 18 10 17 
19:48:2 18.53 0.00000000 0.00000000 -99.00 -99.00 0.00 0.56 3.23 19.49 1015.48 50.90 18 10 17 
19:48:2 18.73 0.00000000 0.00000000 -99.00 -99.00 0.00 0.56 3.23 19.49 1015.49 50.88 18 10 17 
19:48:2 18.93 0.00000000 0.00000000 -99.00 -99.00 0.00 0.56 3.23 19.50 1015.47 50.89 18 10 17 
19:48:2 19.13 0.00000000 0.00000000 -99.00 -99.00 0.00 0.56 3.23 19.50 1015.48 50.88 18 10 17 
19:48:2 19.33 0.00000000 0.00000000 -99.00 -99.00 0.00 0.56 3.13 19.50 1015.46 50.86 18 10 17 
19:48:3 19.53 0.00000000 0.00000000 -99.00 -99.00 0.00 0.56 3.13 19.50 1015.48 50.86 18 10 17 
19:48:3 19.73 0.00000000 0.00000000 -99.00 -99.00 0.00 0.55 2.94 19.50 1015.45 50.86 18 10 17 
19:48:3 19.93 0.00000000 0.00000000 -99.00 -99.00 0.00 0.55 2.94 19.51 1015.54 50.85 18 10 17 
19:48:3 20.14 0.00000000 0.00000000 -99.00 -99.00 0.00 0.54 2.84 19.51 1015.51 50.84 18 10 17 
19:48:3 20.34 0.00000000 0.00000000 -99.00 -99.00 0.00 0.54 2.74 19.51 1015.48 50.83 18 10 17 
19:48:5 20.54 0.00000000 0.00000000 -99.00 -99.00 0.00 0.54 2.74 19.52 1015.45 50.82 18 10 17 
19:48:5 20.74 0.00000000 0.00000000 -99.00 -99.00 0.00 0.53 2.55 19.52 1015.52 50.81 18 10 17 
19:48:5 20.94 0.00000000 0.00000000 -99.00 -99.00 0.00 0.52 2.45 19.53 1015.51 50.81 18 10 17 
19:48:5 21.14 0.00000000 0.00000000 -99.00 -99.00 0.00 0.52 2.45 19.53 1015.52 50.80 18 10 17 
19:48:5 21.34 0.00000000 0.00000000 -99.00 -99.00 0.00 0.52 2.45 19.53 1015.48 50.81 18 10 17 
19:48:6 21.54 0.00000000 0.00000000 -99.00 -99.00 0.00 0.52 2.45 19.53 1015.43 50.78 18 10 17 
19:48:6 21.75 0.00000000 0.00000000 -99.00 -99.00 0.00 0.52 2.45 19.54 1015.47 50.78 18 10 17 
19:48:6 21.95 0.00000000 0.00000000 -99.00 -99.00 0.00 0.52 2.35 19.53 1015.50 50.76 18 10 17 
19:48:6 22.15 0.00000000 0.00000000 -99.00 -99.00 0.00 0.52 2.35 19.54 1015.51 50.75 18 10 17 
19:48:6 22.35 0.00000000 0.00000000 -99.00 -99.00 0.00 0.52 2.35 19.55 1015.49 50.74 18 10 17 
19:48:7 22.55 0.00000000 0.00000000 -99.00 -99.00 0.00 0.51 2.25 19.55 1015.47 50.73 18 10 17 
19:48:7 22.75 0.00000000 0.00000000 -99.00 -99.00 0.00 0.51 2.25 19.55 1015.47 50.73 18 10 17 
19:48:7 22.95 0.00000000 0.00000000 -99.00 -99.00 0.00 0.51 2.16 19.55 1015.46 50.72 18 10 17 
19:48:7 23.15 0.00000000 0.00000000 -99.00 -99.00 0.00 0.50 2.06 19.56 1015.49 50.71 18 10 17 
19:48:8 23.36 0.00000000 0.00000000 -99.00 -99.00 0.00 0.50 2.06 19.56 1015.49 50.70 18 10 17 
19:48:8 23.56 0.00000000 0.00000000 -99.00 -99.00 0.00 0.50 2.06 19.56 1015.51 50.69 18 10 17 
19:48:8 23.76 0.00000000 0.00000000 -99.00 -99.00 0.00 0.51 2.16 19.57 1015.49 50.69 18 10 17 
19:48:8 23.96 0.00000000 0.00000000 -99.00 -99.00 0.00 0.51 2.16 19.57 1015.53 50.68 18 10 17 
19:48:8 24.16 0.00000000 0.00000000 -99.00 -99.00 0.00 0.51 2.25 19.57 1015.48 50.67 18 10 17 
19:48:9 24.36 0.00000000 0.00000000 -99.00 -99.00 0.00 0.51 2.25 19.58 1015.47 50.66 18 10 17 
19:48:9 24.56 0.00000000 0.00000000 -99.00 -99.00 0.00 0.52 2.35 19.58 1015.51 50.66 18 10 17 
19:48:9 24.77 0.00000000 0.00000000 -99.00 -99.00 0.00 0.51 2.25 19.58 1015.50 50.65 18 10 17 
19:48:9 24.97 0.00000000 0.00000000 -99.00 -99.00 0.00 0.52 2.35 19.58 1015.47 50.63 18 10 17 
19:48:9 25.17 0.00000000 0.00000000 -99.00 -99.00 0.00 0.52 2.45 19.59 1015.44 50.63 18 10 17 
19:48:10 25.37 0.00000000 0.00000000 -99.00 -99.00 0.00 0.52 2.45 19.59 1015.44 50.62 18 10 17 
19:48:10 25.57 0.00000000 0.00000000 -99.00 -99.00 0.00 0.52 2.45 19.59 1015.53 50.61 18 10 17 
19:48:10 25.77 0.00000000 0.00000000 -99.00 -99.00 0.00 0.52 2.35 19.60 1015.52 50.60 18 10 17 
19:48:10 25.97 0.00000000 0.00000000 -99.00 -99.00 0.00 0.52 2.45 19.60 1015.52 50.60 18 10 17 
19:48:10 26.17 0.00000000 0.00000000 -99.00 -99.00 0.00 0.52 2.45 19.60 1015.50 50.59 18 10 17 
19:48:11 26.37 0.00000000 0.00000000 -99.00 -99.00 0.00 0.52 2.45 19.61 1015.50 50.58 18 10 17 
19:48:11 26.57 0.00000000 0.00000000 -99.00 -99.00 0.00 0.52 2.45 19.61 1015.55 50.58 18 10 17 
19:48:11 26.78 0.00000000 0.00000000 -99.00 -99.00 0.00 0.52 2.45 19.61 1015.49 50.57 18 10 17 
19:48:11 26.98 0.00000000 0.00000000 -99.00 -99.00 0.00 0.52 2.35 19.62 1015.54 50.56 18 10 17 
19:48:11 27.18 0.00000000 0.00000000 -99.00 -99.00 0.00 0.52 2.35 19.61 1015.53 50.56 18 10 17 
19:48:11 27.38 0.00000000 0.00000000 -99.00 -99.00 0.00 0.51 2.25 19.62 1015.47 50.56 18 10 17 
19:48:12 27.58 0.00000000 0.00000000 -99.00 -99.00 0.00 0.52 2.35 19.62 1015.49 50.56 18 10 17 
19:48:12 27.78 0.00000000 0.00000000 -99.00 -99.00 0.00 0.52 2.45 19.62 1015.52 50.56 18 10 17 
19:48:12 27.98 0.00000000 0.00000000 -99.00 -99.00 0.00 0.55 3.04 19.62 1015.47 50.56 18 10 17 
19:48:12 28.18 0.00000000 0.00000000 -99.00 -99.00 0.00 0.57 3.33 19.63 1015.52 50.56 18 10 17 
19:48:12 28.39 0.00000000 0.00000000 -99.00 -99.00 0.00 0.57 3.43 19.63 1015.47 50.55 18 10 17 
19:48:13 28.59 0.00000000 0.00000000 -99.00 -99.00 0.00 0.57 3.43 19.63 1015.49 50.55 18 10 17 
19:48:13 28.79 0.00000000 0.00000000 -99.00 -99.00 0.00 0.57 3.33 19.63 1015.48 50.57 18 10 17 
19:48:13 28.99 0.00000000 0.00000000 -99.00 -99.00 0.00 0.56 3.23 19.63 1015.52 50.52 18 10 17 
19:48:13 29.19 0.00000000 0.00000000 -99.00 -99.00 0.00 0.56 3.13 19.63 1015.53 50.51 18 10 17 
19:48:14 29.39 0.00000000 0.00000000 -99.00 -99.00 0.00 0.54 2.74 19.64 1015.51 50.49 18 10 17 
19:48:14 29.59 0.00000000 0.00000000 -99.00 -99.00 0.00 0.53 2.55 19.65 1015.46 50.49 18 10 17 
19:48:14 29.79 0.00000000 0.00000000 -99.00 -99.00 0.00 0.52 2.35 19.64 1015.49 50.49 18 10 17 
19:48:14 30.00 0.00000000 0.00000000 -99.00 -99.00 0.00 0.51 2.16 19.65 1015.51 50.48 18 10 17 
19:48:14 30.20 0.00000000 0.00000000 -99.00 -99.00 0.00 0.51 2.25 19.65 1015.50 50.48 18 10 17 
19:48:15 30.40 0.00000000 0.00000000 -99.00 -99.00 0.00 0.52 2.35 19.65 1015.52 50.47 18 10 17 
19:48:15 30.60 0.00000000 0.00000000 -99.00 -99.00 0.00 0.52 2.35 19.65 1015.53 50.46 18 10 17 
19:48:15 30.80 0.00000000 0.00000000 -99.00 -99.00 0.00 0.52 2.45 19.66 1015.54 50.46 18 10 17 
19:48:15 31.00 0.00000000 0.00000000 -99.00 -99.00 0.00 0.52 2.35 19.66 1015.53 50.47 18 10 17 
19:48:15 31.20 0.00000000 0.00000000 -99.00 -99.00 0.00 0.52 2.35 19.67 1015.51 50.44 18 10 17 
19:48:16 31.40 0.00000000 0.00000000 -99.00 -99.00 0.00 0.51 2.16 19.66 1015.49 50.45 18 10 17 
19:48:16 31.60 0.00000000 0.00000000 -99.00 -99.00 0.00 0.50 2.06 19.67 1015.50 50.47 18 10 17 
19:48:16 31.81 0.00000000 0.00000000 -99.00 -99.00 0.00 0.49 1.86 19.67 1015.50 50.48 18 10 17 
19:48:16 32.01 0.00000000 0.00000000 -99.00 -99.00 0.00 0.49 1.77 19.67 1015.51 50.48 18 10 17 
19:48:16 32.21 0.00000000 0.00000000 -99.00 -99.00 0.00 0.49 1.77 19.68 1015.48 50.47 18 10 17 
19:48:17 32.41 0.00000000 0.00000000 -99.00 -99.00 0.00 0.48 1.57 19.68 1015.56 50.46 18 10 17 
19:48:17 32.61 0.00000000 0.00000000 -99.00 -99.00 0.00 0.48 1.57 19.68 1015.53 50.45 18 10 17 
19:48:17 32.81 0.00000000 0.00000000 -99.00 -99.00 0.00 0.48 1.57 19.69 1015.53 50.43 18 10 17 
19:48:17 33.01 0.00000000 0.00000000 -99.00 -99.00 0.00 0.47 1.38 19.68 1015.48 50.42 18 10 17 
19:48:17 33.21 0.00000000 0.00000000 -99.00 -99.00 0.00 0.46 1.28 19.69 1015.47 50.41 18 10 17 
19:48:18 33.42 0.00000000 0.00000000 -99.00 -99.00 0.00 0.47 1.47 19.69 1015.52 50.44 18 10 17 
19:48:18 33.62 0.00000000 0.00000000 -99.00 -99.00 0.00 0.48 1.67 19.69 1015.50 50.39 18 10 17 
19:48:18 33.82 0.00000000 0.00000000 -99.00 -99.00 0.00 0.49 1.77 19.69 1015.50 50.38 18 10 17 
19:48:18 34.02 0.00000000 0.00000000 -99.00 -99.00 0.00 0.50 1.96 19.70 1015.53 50.37 18 10 17 
19:48:18 34.22 0.00000000 0.00000000 -99.00 -99.00 0.00 0.51 2.16 19.70 1015.51 50.35 18 10 17 
19:48:19 34.42 0.00000000 0.00000000 -99.00 -99.00 0.00 0.51 2.16 19.70 1015.57 50.34 18 10 17 
19:48:19 34.62 0.00000000 0.00000000 -99.00 -99.00 0.00 0.51 2.25 19.70 1015.51 50.33 18 10 17 
19:48:19 34.82 0.00000000 0.00000000 -99.00 -99.00 0.00 0.51 2.25 19.71 1015.55 50.32 18 10 17 
19:48:19 35.02 0.00000000 0.00000000 -99.00 -99.00 0.00 0.51 2.25 19.72 1015.48 50.31 18 10 17 
19:48:19 35.22 0.00000000 0.00000000 -99.00 -99.00 0.00 0.51 2.16 19.71 1015.45 50.29 18 10 17 
19:48:20 35.43 0.00000000 0.00000000 -99.00 -99.00 0.00 0.51 2.16 19.72 1015.54 50.28 18 10 17 
19:48:20 35.63 0.00000000 0.00000000 -99.00 -99.00 0.00 0.51 2.16 19.72 1015.51 50.25 18 10 17 
19:48:20 35.83 0.00000000 0.00000000 -99.00 -99.00 0.00 0.52 2.35 19.72 1015.52 50.27 18 10 17 
19:48:20 36.03 0.00000000 0.00000000 -99.00 -99.00 0.00 0.51 2.25 19.72 1015.55 50.26 18 10 17 
19:48:20 36.23 0.00000000 0.00000000 -99.00 -99.00 0.00 0.52 2.45 19.73 1015.51 50.26 18 10 17 
19:48:21 36.43 0.00000000 0.00000000 -99.00 -99.00 0.00 0.52 2.45 19.73 1015.50 50.25 18 10 17 
19:48:21 36.63 0.00000000 0.00000000 -99.00 -99.00 0.00 0.53 2.55 19.73 1015.47 50.24 18 10 17 
19:48:21 36.83 0.00000000 0.00000000 -99.00 -99.00 0.00 0.53 2.64 19.73 1015.53 50.24 18 10 17 
19:48:21 37.04 0.00000000 0.00000000 -99.00 -99.00 0.00 0.53 2.64 19.73 1015.52 50.23 18 10 17 
19:48:21 37.24 0.00000000 0.00000000 -99.00 -99.00 0.00 0.53 2.64 19.74 1015.50 50.22 18 10 17 
19:48:22 37.44 0.00000000 0.00000000 -99.00 -99.00 0.00 0.52 2.35 19.74 1015.54 50.21 18 10 17 
19:48:22 37.64 0.00000000 0.00000000 -99.00 -99.00 0.00 0.52 2.35 19.75 1015.52 50.21 18 10 17 
19:48:22 37.84 0.00000000 0.00000000 -99.00 -99.00 0.00 0.50 1.96 19.74 1015.47 50.21 18 10 17 
19:48:22 38.04 0.00000000 0.00000000 -99.00 -99.00 0.00 0.49 1.86 19.74 1015.55 50.19 18 10 17 
19:48:22 38.24 0.00000000 0.00000000 -99.00 -99.00 0.00 0.49 1.77 19.75 1015.54 50.20 18 10 17 
19:48:23 38.44 0.00000000 0.00000000 -99.00 -99.00 0.00 0.48 1.67 19.75 1015.55 50.20 18 10 17 
19:48:23 38.64 0.00000000 0.00000000 -99.00 -99.00 0.00 0.48 1.67 19.75 1015.51 50.18 18 10 17 
19:48:23 38.85 0.00000000 0.00000000 -99.00 -99.00 0.00 0.48 1.67 19.75 1015.53 50.18 18 10 17 
19:48:23 39.05 0.00000000 0.00000000 -99.00 -99.00 0.00 0.48 1.57 19.75 1015.54 50.18 18 10 17 
19:48:23 39.25 0.00000000 0.00000000 -99.00 -99.00 0.00 0.47 1.47 19.75 1015.53 50.17 18 10 17 
19:48:24 39.45 0.00000000 0.00000000 -99.00 -99.00 0.00 0.48 1.57 19.75 1015.55 50.17 18 10 17 
19:48:24 39.65 0.00000000 0.00000000 -99.00 -99.00 0.00 0.48 1.57 19.75 1015.50 50.17 18 10 17 
19:48:24 39.85 0.00000000 0.00000000 -99.00 -99.00 0.00 0.48 1.57 19.75 1015.50 50.17 18 10 17 
19:48:24 40.05 0.00000000 0.00000000 -99.00 -99.00 0.00 0.48 1.67 19.75 1015.51 50.16 18 10 17 
19:48:24 40.25 0.00000000 0.00000000 -99.00 -99.00 0.00 0.49 1.86 19.75 1015.51 50.16 18 10 17 
19:48:25 40.45 0.00000000 0.00000000 -99.00 -99.00 0.00 0.49 1.86 19.76 1015.52 50.16 18 10 17 
19:48:25 40.65 0.00000000 0.00000000 -99.00 -99.00 0.00 0.49 1.86 19.76 1015.48 50.15 18 10 17 
19:48:25 40.86 0.00000000 0.00000000 -99.00 -99.00 0.00 0.50 2.06 19.75 1015.52 50.15 18 10 17 
19:48:25 41.06 0.00000000 0.00000000 -99.00 -99.00 0.00 0.51 2.16 19.76 1015.49 50.15 18 10 17 
19:48:25 41.26 0.00000000 0.00000000 -99.00 -99.00 0.00 0.51 2.16 19.76 1015.48 50.14 18 10 17 
19:48:26 41.46 0.00000000 0.00000000 -99.00 -99.00 0.00 0.51 2.16 19.76 1015.51 50.14 18 10 17 
19:48:26 41.66 0.00000000 0.00000000 -99.00 -99.00 0.00 0.51 2.16 19.76 1015.48 50.13 18 10 17 
19:48:26 41.86 0.00000000 0.00000000 -99.00 -99.00 0.00 0.50 2.06 19.76 1015.55 50.13 18 10 17 
19:48:26 42.06 0.00000000 0.00000000 -99.00 -99.00 0.00 0.50 2.06 19.77 1015.52 50.13 18 10 17 
19:48:26 42.26 0.00000000 0.00000000 -99.00 -99.00 0.00 0.51 2.16 19.77 1015.53 50.12 18 10 17 
19:48:27 42.47 0.00000000 0.00000000 -99.00 -99.00 0.00 0.50 2.06 19.77 1015.49 50.12 18 10 17 
19:48:27 42.67 0.00000000 0.00000000 -99.00 -99.00 0.00 0.50 2.06 19.77 1015.52 50.11 18 10 17 
19:48:27 42.87 0.00000000 0.00000000 -99.00 -99.00 0.00 0.50 1.96 19.77 1015.47 50.11 18 10 17 
19:48:27 43.07 0.00000000 0.00000000 -99.00 -99.00 0.00 0.50 1.96 19.77 1015.47 50.11 18 10 17 
19:48:27 43.27 0.00000000 0.00000000 -99.00 -99.00 0.00 0.50 1.96 19.78 1015.48 50.10 18 10 17 
19:48:28 43.47 0.00000000 0.00000000 -99.00 -99.00 0.00 0.50 1.96 19.78 1015.54 50.10 18 10 17 
19:48:28 43.67 0.00000000 0.00000000 -99.00 -99.00 0.00 0.50 2.06 19.78 1015.47 50.10 18 10 17 
19:48:28 43.87 0.00000000 0.00000000 -99.00 -99.00 0.00 0.50 2.06 19.78 1015.49 50.08 18 10 17 
19:48:28 44.08 0.00000000 0.00000000 -99.00 -99.00 0.00 0.51 2.16 19.79 1015.49 50.08 18 10 17 
19:48:28 44.28 0.00000000 0.00000000 -99.00 -99.00 0.00 0.51 2.16 19.79 1015.50 50.08 18 10 17 
19:48:29 44.48 0.00000000 0.00000000 -99.00 -99.00 0.00 0.51 2.25 19.79 1015.46 50.07 18 10 17 
19:48:29 44.68 0.00000000 0.00000000 -99.00 -99.00 0.00 0.51 2.25 19.79 1015.54 50.07 18 10 17 
19:48:29 44.88 0.00000000 0.00000000 -99.00 -99.00 0.00 0.51 2.25 19.79 1015.55 50.06 18 10 17 
19:48:29 45.08 0.00000000 0.00000000 -99.00 -99.00 0.00 0.51 2.25 19.79 1015.52 50.06 18 10 17 
19:48:29 45.28 0.00000000 0.00000000 -99.00 -99.00 0.00 0.52 2.35 19.79 1015.50 50.06 18 10 17 
19:48:30 45.48 0.00000000 0.00000000 -99.00 -99.00 0.00 0.51 2.25 19.80 1015.54 50.05 18 10 17 
19:48:30 45.68 0.00000000 0.00000000 -99.00 -99.00 0.00 0.51 2.25 19.80 1015.49 50.04 18 10 17 
19:48:30 45.88 0.00000000 0.00000000 -99.00 -99.00 0.00 0.51 2.16 19.80 1015.47 50.03 18 10 17 
19:48:30 46.09 0.00000000 0.00000000 -99.00 -99.00 0.00 0.51 2.16 19.81 1015.52 50.03 18 10 17 
19:48:30 46.29 0.00000000 0.00000000 -99.00 -99.00 0.00 0.51 2.16 19.81 1015.52 50.02 18 10 17 
19:48:31 46.49 0.00000000 0.00000000 -99.00 -99.00 0.00 0.50 2.06 19.81 1015.51 50.02 18 10 17 
19:48:31 46.69 0.00000000 0.00000000 -99.00 -99.00 0.00 0.50 2.06 19.81 1015.53 50.02 18 10 17 
19:48:31 46.89 0.00000000 0.00000000 -99.00 -99.00 0.00 0.50 2.06 19.82 1015.49 50.01 18 10 17 
19:48:31 47.09 0.00000000 0.00000000 -99.00 -99.00 0.00 0.50 1.96 19.81 1015.46 50.01 18 10 17 
19:48:31 47.29 0.00000000 0.00000000 -99.00 -99.00 0.00 0.50 2.06 19.82 1015.51 50.00 18 10 17 
19:48:32 47.49 0.00000000 0.00000000 -99.00 -99.00 0.00 0.49 1.86 19.81 1015.50 50.00 18 10 17 
19:48:32 47.70 0.00000000 0.00000000 -99.00 -99.00 0.00 0.49 1.77 19.82 1015.54 49.99 18 10 17 
19:48:32 47.90 0.00000000 0.00000000 -99.00 -99.00 0.00 0.48 1.67 19.82 1015.47 49.97 18 10 17 
19:48:32 48.10 0.00000000 0.00000000 -99.00 -99.00 0.00 0.48 1.67 19.83 1015.50 49.97 18 10 17 
19:48:32 48.30 0.00000000 0.00000000 -99.00 -99.00 0.00 0.48 1.57 19.83 1015.50 49.98 18 10 17 
19:48:33 48.50 0.00000000 0.00000000 -99.00 -99.00 0.00 0.47 1.47 19.83 1015.52 49.96 18 10 17 
19:48:33 48.70 0.00000000 0.00000000 -99.00 -99.00 0.00 0.47 1.38 19.83 1015.45 49.95 18 10 17 
19:48:33 48.90 0.00000000 0.00000000 -99.00 -99.00 0.00 0.47 1.38 19.84 1015.50 49.95 18 10 17 
19:48:33 49.10 0.00000000 0.00000000 -99.00 -99.00 0.00 0.47 1.38 19.84 1015.53 49.95 18 10 17 
19:48:33 49.30 0.00000000 0.00000000 -99.00 -99.00 0.00 0.46 1.28 19.84 1015.49 49.94 18 10 17 
19:48:34 49.51 0.00000000 0.00000000 -99.00 -99.00 0.00 0.46 1.28 19.84 1015.48 49.94 18 10 17 
19:48:34 49.71 0.00000000 0.00000000 -99.00 -99.00 0.00 0.47 1.38 19.84 1015.51 49.93 18 10 17 
19:48:34 49.91 0.00000000 0.00000000 -99.00 -99.00 0.00 0.47 1.47 19.85 1015.49 49.93 18 10 17 
19:48:34 50.11 0.00000000 0.00000000 -99.00 -99.00 0.00 0.48 1.57 19.85 1015.48 49.92 18 10 17 
19:48:34 50.31 0.00000000 0.00000000 -99.00 -99.00 0.00 0.49 1.77 19.85 1015.47 49.92 18 10 17 
19:48:35 50.51 0.00000000 0.00000000 -99.00 -99.00 0.00 0.49 1.86 19.85 1015.50 49.91 18 10 17 
19:48:35 50.71 0.00000000 0.00000000 -99.00 -99.00 0.00 0.50 2.06 19.85 1015.47 49.91 18 10 17 
19:48:35 50.91 0.00000000 0.00000000 -99.00 -99.00 0.00 0.52 2.35 19.85 1015.53 49.90 18 10 17 
19:48:35 51.12 0.00000000 0.00000000 -99.00 -99.00 0.00 0.52 2.45 19.86 1015.47 49.90 18 10 17 
19:48:35 51.32 0.00000000 0.00000000 -99.00 -99.00 0.00 0.54 2.74 19.86 1015.51 49.90 18 10 17 
19:48:35 51.52 0.00000000 0.00000000 -99.00 -99.00 0.00 0.54 2.84 19.86 1015.55 49.89 18 10 17 
19:48:35 51.72 0.00000000 0.00000000 -99.00 -99.00 0.00 0.55 2.94 19.86 1015.49 49.89 18 10 17 
19:48:35 51.92 0.00000000 0.00000000 -99.00 -99.00 0.00 0.56 3.13 19.86 1015.48 49.85 18 10 17 
19:48:35 52.12 0.00000000 0.00000000 -99.00 -99.00 0.00 0.56 3.13 19.87 1015.50 49.87 18 10 17 
19:48:35 52.32 0.00000000 0.00000000 -99.00 -99.00 0.00 0.56 3.13 19.87 1015.48 49.84 18 10 17 
19:48:35 52.52 0.00000000 0.00000000 -99.00 -99.00 0.00 0.55 3.04 19.87 1015.48 49.85 18 10 17 
19:48:35 52.72 0.00000000 0.00000000 -99.00 -99.00 0.00 0.55 3.04 19.87 1015.48 49.84 18 10 17 
19:48:35 52.93 0.00000000 0.00000000 -99.00 -99.00 0.00 0.55 2.94 19.88 1015.47 49.83 18 10 17 
19:48:35 53.13 0.00000000 0.00000000 -99.00 -99.00 0.00 0.54 2.84 19.88 1015.52 49.83 18 10 17 
19:48:35 53.33 0.00000000 0.00000000 -99.00 -99.00 0.00 0.54 2.84 19.88 1015.47 49.83 18 10 17 
19:48:35 53.53 0.00000000 0.00000000 -99.00 -99.00 0.00 0.54 2.74 19.88 1015.54 49.82 18 10 17 
19:48:35 53.73 0.00000000 0.00000000 -99.00 -99.00 0.00 0.53 2.64 19.89 1015.47 49.81 18 10 17 
19:48:35 53.93 0.00000000 0.00000000 -99.00 -99.00 0.00 0.53 2.55 19.89 1015.52 49.81 18 10 17 
19:48:35 54.13 0.00000000 0.00000000 -99.00 -99.00 0.00 0.53 2.55 19.89 1015.54 49.80 18 10 17 
19:48:35 54.33 0.00000000 0.00000000 -99.00 -99.00 0.00 0.52 2.35 19.89 1015.46 49.79 18 10 17 
19:48:38 54.53 0.00000000 194.00013732 -99.00 -99.00 0.00 0.52 2.35 19.89 1015.52 49.80 18 10 17 
19:48:38 54.74 0.00000000 194.00013732 -99.00 -99.00 0.00 0.51 2.25 19.90 1015.49 49.79 18 10 17 
19:48:38 54.94 0.00000000 194.00013732 -99.00 -99.00 0.00 0.51 2.25 19.91 1015.51 49.78 18 10 17 
19:48:38 55.14 0.00000000 194.00013732 -99.00 -99.00 0.00 0.51 2.16 19.90 1015.46 49.78 18 10 17 
19:48:38 55.34 0.00000000 194.00013732 -99.00 -99.00 0.00 0.51 2.16 19.91 1015.56 49.77 18 10 17 
19:48:39 55.54 0.00000000 0.00000000 -99.00 -99.00 0.00 0.50 1.96 19.91 1015.46 49.77 18 10 17 
19:48:39 55.74 0.00000000 0.00000000 -99.00 -99.00 0.00 0.50 2.06 19.91 1015.54 49.76 18 10 17 
19:48:39 55.94 0.00000000 0.00000000 -99.00 -99.00 0.00 0.50 2.06 19.91 1015.51 49.75 18 10 17 
19:48:39 56.14 0.00000000 0.00000000 -99.00 -99.00 0.00 0.50 2.06 19.91 1015.53 49.73 18 10 17 
19:48:39 56.34 0.00000000 0.00000000 -99.00 -99.00 0.00 0.51 2.16 19.92 1015.50 49.73 18 10 17 
19:48:40 56.54 0.00000000 0.00000000 -99.00 -99.00 0.00 0.52 2.45 19.92 1015.48 49.67 18 10 17 
19:48:40 56.75 0.00000000 0.00000000 -99.00 -99.00 0.00 0.52 2.45 19.92 1015.50 49.72 18 10 17 
19:48:40 56.95 0.00000000 0.00000000 -99.00 -99.00 0.00 0.54 2.74 19.93 1015.48 49.71 18 10 17 
19:48:40 57.15 0.00000000 0.00000000 -99.00 -99.00 0.00 0.55 2.94 19.92 1015.49 49.71 18 10 17 
19:48:40 57.35 0.00000000 0.00000000 -99.00 -99.00 0.00 0.56 3.23 19.93 1015.50 49.70 18 10 17 
19:48:41 57.55 0.00000000 0.00000000 -99.00 -99.00 0.00 0.57 3.33 19.93 1015.49 49.69 18 10 17 
19:48:41 57.75 0.00000000 0.00000000 -99.00 -99.00 0.00 0.57 3.43 19.93 1015.51 49.68 18 10 17 
19:48:41 57.95 0.00000000 0.00000000 -99.00 -99.00 0.00 0.58 3.52 19.94 1015.51 49.67 18 10 17 
19:48:41 58.15 0.00000000 0.00000000 -99.00 -99.00 0.00 0.58 3.52 19.94 1015.50 49.67 18 10 17 
19:48:41 58.36 0.00000000 0.00000000 -99.00 -99.00 0.00 0.59 3.72 19.95 1015.48 49.66 18 10 17 
19:48:42 58.56 0.00000000 0.00000000 -99.00 -99.00 0.00 0.59 3.72 19.94 1015.48 49.66 18 10 17 
19:48:42 58.76 0.00000000 0.00000000 -99.00 -99.00 0.00 0.59 3.72 19.95 1015.48 49.62 18 10 17 
19:48:42 58.96 0.00000000 0.00000000 -99.00 -99.00 0.00 0.59 3.72 19.95 1015.44 49.63 18 10 17 
19:48:42 59.16 0.00000000 0.00000000 -99.00 -99.00 0.00 0.59 3.72 19.95 1015.49 49.63 18 10 17 
19:48:42 59.36 0.00000000 0.00000000 -99.00 -99.00 0.00 0.59 3.82 19.95 1015.50 49.62 18 10 17 
19:48:43 59.56 0.00000000 0.00000000 -99.00 -99.00 0.00 0.59 3.72 19.95 1015.42 49.61 18 10 17 
19:48:43 59.76 0.00000000 0.00000000 -99.00 -99.00 0.00 0.59 3.82 19.96 1015.47 49.61 18 10 17 
19:48:43 59.97 0.00000000 0.00000000 -99.00 -99.00 0.00 0.60 3.91 19.96 1015.49 49.60 18 10 17 
19:48:43 60.17 0.00000000 0.00000000 -99.00 -99.00 0.00 0.60 4.01 19.96 1015.44 49.60 18 10 17 
19:48:43 60.37 0.00000000 0.00000000 -99.00 -99.00 0.00 0.61 4.11 19.97 1015.50 49.59 18 10 17 
19:48:45 60.57 0.00000000 0.00000000 -99.00 -99.00 0.00 0.61 4.21 19.97 1015.48 49.59 18 10 17 
19:48:45 60.77 0.00000000 0.00000000 -99.00 -99.00 0.00 0.61 4.21 19.97 1015.50 49.58 18 10 17 
19:48:45 60.97 0.00000000 0.00000000 -99.00 -99.00 0.00 0.61 4.21 19.97 1015.48 49.58 18 10 17 
19:48:45 61.17 0.00000000 0.00000000 -99.00 -99.00 0.00 0.61 4.21 19.98 1015.49 49.59 18 10 17 
19:48:46 61.38 0.00000000 0.00000000 -99.00 -99.00 0.00 0.61 4.21 19.98 1015.48 49.56 18 10 17 
19:48:46 61.58 0.00000000 0.00000000 -99.00 -99.00 0.00 0.61 4.11 19.98 1015.45 49.56 18 10 17 
19:48:46 61.78 0.00000000 0.00000000 -99.00 -99.00 0.00 0.61 4.11 19.98 1015.47 49.55 18 10 17 
19:48:46 61.98 0.00000000 0.00000000 -99.00 -99.00 0.00 0.61 4.11 19.98 1015.46 49.55 18 10 17 
19:48:46 62.18 0.00000000 0.00000000 -99.00 -99.00 0.00 0.61 4.11 19.99 1015.51 49.54 18 10 17 
19:48:47 62.38 0.00000000 0.00000000 -99.00 -99.00 0.00 0.61 4.11 19.99 1015.47 49.52 18 10 17 
19:48:47 62.58 0.00000000 0.00000000 -99.00 -99.00 0.00 0.61 4.11 19.99 1015.47 49.52 18 10 17 
19:48:47 62.79 0.00000000 0.00000000 -99.00 -99.00 0.00 0.61 4.11 19.99 1015.49 49.51 18 10 17 
19:48:47 62.99 0.00000000 0.00000000 -99.00 -99.00 0.00 0.61 4.11 20.00 1015.47 49.50 18 10 17 
19:48:47 63.19 0.00000000 0.00000000 -99.00 -99.00 0.00 0.60 4.01 20.00 1015.50 49.49 18 10 17 
19:48:48 63.39 0.00000000 0.00000000 -99.00 -99.00 0.00 0.60 4.01 20.00 1015.49 49.49 18 10 17 
19:48:48 63.59 0.00000000 0.00000000 -99.00 -99.00 0.00 0.61 4.11 20.00 1015.45 49.48 18 10 17 
