23:59:58 1.08 0.00000000 0.00000000 -99.00 -99.00 0.00 0.57 3.33 18.98 1015.52 52.07 0 0 17 
23:59:58 1.28 0.00000000 0.00000000 -99.00 -99.00 0.00 0.57 3.33 19.02 1015.56 52.09 0 0 17 
23:59:58 1.48 0.00000000 0.00000000 -99.00 -99.00 0.00 0.57 3.33 19.03 1015.58 52.09 0 0 17 
23:59:58 1.68 0.00000000 0.00000000 -99.00 -99.00 0.00 0.57 3.43 19.04 1015.55 52.10 0 0 17 
23:59:59 1.88 0.00000000 0.00000000 -99.00 -99.00 0.00 0.57 3.33 19.04 1015.53 52.10 5 1 17 
23:59:59 2.09 0.00000000 0.00000000 -99.00 -99.00 0.00 0.56 3.13 19.05 1015.57 52.10 5 1 17 
23:59:59 2.29 0.00000000 0.00000000 -99.00 -99.00 0.00 0.55 2.94 19.05 1015.59 52.10 5 1 17 
23:59:59 2.49 0.00000000 0.00000000 -99.00 -99.00 0.00 0.54 2.74 19.05 1015.62 52.11 5 1 17 
0:0:0 2.69 0.00000000 0.00000000 -99.00 -99.00 0.00 0.51 2.25 19.05 1015.60 52.11 5 1 17 
0:0:0 2.90 0.00000000 0.00000000 -99.00 -99.00 0.00 0.51 2.16 19.05 1015.55 52.12 6 1 17 
0:0:0 3.10 0.00000000 0.00000000 -99.00 -99.00 0.00 0.49 1.86 19.04 1015.58 52.12 6 1 17 
0:0:0 3.30 0.00000000 0.00000000 -99.00 -99.00 0.00 0.49 1.77 19.04 1015.55 52.12 6 1 17 
0:0:0 3.50 0.00000000 0.00000000 -99.00 -99.00 0.00 0.50 1.96 19.04 1015.58 52.13 6 1 17 
0:0:1 3.70 0.00000000 0.00000000 -99.00 -99.00 0.00 0.50 2.06 19.03 1015.56 52.13 6 1 17 
0:0:1 3.90 0.00000000 0.00000000 -99.00 -99.00 0.00 0.50 2.06 19.03 1015.59 52.15 6 1 17 
0:0:1 4.10 0.00000000 0.00000000 -99.00 -99.00 0.00 0.50 2.06 19.03 1015.58 52.16 6 1 17 
0:0:1 4.30 0.00000000 0.00000000 -99.00 -99.00 0.00 0.50 2.06 19.03 1015.50 52.17 6 1 17 
0:0:1 4.50 0.00000000 0.00000000 -99.00 -99.00 0.00 0.48 1.67 19.03 1015.45 52.17 6 1 17 
0:0:2 4.71 0.00000000 0.00000000 -99.00 -99.00 0.00 0.47 1.47 19.03 1015.54 52.17 6 1 17 
0:0:2 4.91 0.00000000 0.00000000 -99.00 -99.00 0.00 0.49 1.86 19.03 1015.55 52.17 6 1 17 
0:0:2 5.11 0.00000000 0.00000000 -99.00 -99.00 0.00 0.51 2.16 19.03 1015.51 52.18 6 1 17 
0:0:2 5.31 0.00000000 0.00000000 -99.00 -99.00 0.00 0.52 2.45 19.03 1015.56 52.18 6 1 17 
0:0:2 5.51 0.00000000 0.00000000 -99.00 -99.00 0.00 0.53 2.64 19.03 1015.44 52.19 6 1 17 
0:0:3 5.71 0.00000000 0.00000000 -99.00 -99.00 0.00 0.55 2.94 19.03 1015.55 52.19 6 1 17 
0:0:3 5.91 0.00000000 0.00000000 -99.00 -99.00 0.00 0.57 3.33 19.03 1015.62 52.19 6 1 17 
0:0:3 6.11 0.00000000 0.00000000 -99.00 -99.00 0.00 0.57 3.43 19.02 1015.55 52.20 6 1 17 
0:0:3 6.31 0.00000000 0.00000000 -99.00 -99.00 0.00 0.57 3.43 19.02 1015.55 52.18 6 1 17 
0:0:3 6.51 0.00000000 0.00000000 -99.00 -99.00 0.00 0.56 3.23 19.03 1015.51 52.20 6 1 17 
0:0:4 6.71 0.00000000 0.00000000 -99.00 -99.00 0.00 0.56 3.13 19.02 1015.54 52.20 6 1 17 
0:0:4 6.92 0.00000000 0.00000000 -99.00 -99.00 0.00 0.56 3.13 19.02 1015.61 52.21 6 1 17 
0:0:4 7.12 0.00000000 0.00000000 -99.00 -99.00 0.00 0.55 3.04 19.01 1015.60 52.21 6 1 17 
0:0:4 7.32 0.00000000 0.00000000 -99.00 -99.00 0.00 0.54 2.84 19.02 1015.57 52.22 6 1 17 
0:0:4 7.52 0.00000000 0.00000000 -99.00 -99.00 0.00 0.54 2.74 19.00 1015.47 52.22 6 1 17 
0:0:5 7.72 0.00000000 0.00000000 -99.00 -99.00 0.00 0.54 2.84 19.01 1015.46 52.22 6 1 17 
0:0:5 7.92 0.00000000 0.00000000 -99.00 -99.00 0.00 0.55 3.04 19.01 1015.48 52.22 6 1 17 
0:0:5 8.12 0.00000000 0.00000000 -99.00 -99.00 0.00 0.56 3.23 19.01 1015.49 52.23 6 1 17 
0:0:5 8.32 0.00000000 0.00000000 -99.00 -99.00 0.00 0.57 3.33 19.00 1015.43 52.25 6 1 17 
0:0:5 8.52 0.00000000 0.00000000 -99.00 -99.00 0.00 0.56 3.13 19.00 1015.46 52.20 6 1 17 
0:0:6 8.72 0.00000000 0.00000000 -99.00 -99.00 0.00 0.55 2.94 19.01 1015.47 52.25 6 1 17 
0:0:6 8.92 0.00000000 0.00000000 -99.00 -99.00 0.00 0.54 2.84 19.02 1015.52 52.25 6 1 17 
0:0:6 9.12 0.00000000 0.00000000 -99.00 -99.00 0.00 0.55 2.94 19.02 1015.49 52.25 6 1 17 
0:0:6 9.32 0.00000000 0.00000000 -99.00 -99.00 0.00 0.56 3.13 19.02 1015.55 52.25 6 1 17 
0:0:6 9.52 0.00000000 0.00000000 -99.00 -99.00 0.00 0.57 3.43 19.02 1015.57 52.25 6 1 17 
0:0:7 9.73 0.00000000 0.00000000 -99.00 -99.00 0.00 0.57 3.43 19.02 1015.51 52.25 6 1 17 
0:0:7 9.93 0.00000000 0.00000000 -99.00 -99.00 0.00 0.56 3.23 19.02 1015.55 52.25 6 1 17 
0:0:7 10.13 0.00000000 0.00000000 -99.00 -99.00 0.00 0.57 3.33 19.02 1015.59 52.25 6 1 17 
0:0:7 10.33 0.00000000 0.00000000 -99.00 -99.00 0.00 0.55 3.04 19.02 1015.59 52.25 6 1 17 
0:0:7 10.53 0.00000000 0.00000000 -99.00 -99.00 0.00 0.55 2.94 19.01 1015.52 52.26 6 1 17 
0:0:8 10.73 0.00000000 0.00000000 -99.00 -99.00 0.00 0.54 2.74 19.01 1015.53 52.27 6 1 17 
0:0:8 10.93 0.00000000 0.00000000 -99.00 -99.00 0.00 0.53 2.64 19.00 1015.51 52.27 6 1 17 
0:0:8 11.13 0.00000000 0.00000000 -99.00 -99.00 0.00 0.53 2.55 19.00 1015.47 52.27 6 1 17 
0:0:8 11.33 0.00000000 0.00000000 -99.00 -99.00 0.00 0.53 2.55 19.00 1015.50 52.28 6 1 17 
0:0:8 11.53 0.00000000 0.00000000 -99.00 -99.00 0.00 0.52 2.45 18.99 1015.56 52.28 6 1 17 
0:0:9 11.73 0.00000000 0.00000000 -99.00 -99.00 0.00 0.53 2.55 19.00 1015.54 52.29 6 1 17 
0:0:9 11.93 0.00000000 0.00000000 -99.00 -99.00 0.00 0.53 2.55 18.99 1015.53 52.29 6 1 17 
0:0:9 12.13 0.00000000 0.00000000 -99.00 -99.00 0.00 0.53 2.55 18.99 1015.59 52.30 6 1 17 
0:0:9 12.33 0.00000000 0.00000000 -99.00 -99.00 0.00 0.52 2.45 18.99 1015.47 52.30 6 1 17 
0:0:9 12.53 0.00000000 0.00000000 -99.00 -99.00 0.00 0.51 2.25 18.99 1015.49 52.30 6 1 17 
0:0:10 12.73 0.00000000 0.00000000 -99.00 -99.00 0.00 0.51 2.25 18.99 1015.49 52.31 6 1 17 
0:0:10 12.94 0.00000000 0.00000000 -99.00 -99.00 0.00 0.50 2.06 18.99 1015.52 52.31 6 1 17 
0:0:10 13.14 0.00000000 0.00000000 -99.00 -99.00 0.00 0.49 1.77 18.99 1015.57 52.31 6 1 17 
0:0:10 13.34 0.00000000 0.00000000 -99.00 -99.00 0.00 0.50 1.96 18.99 1015.57 52.32 6 1 17 
0:0:10 13.54 0.00000000 0.00000000 -99.00 -99.00 0.00 0.50 2.06 18.99 1015.53 52.31 6 1 17 
0:0:11 13.74 0.00000000 0.00000000 -99.00 -99.00 0.00 0.50 2.06 18.99 1015.57 52.32 6 1 17 
0:0:11 13.94 0.00000000 0.00000000 -99.00 -99.00 0.00 0.49 1.77 18.98 1015.61 52.32 6 1 17 
0:0:11 14.14 0.00000000 0.00000000 -99.00 -99.00 0.00 0.49 1.77 18.98 1015.56 52.33 6 1 17 
0:0:11 14.34 0.00000000 0.00000000 -99.00 -99.00 0.00 0.48 1.67 18.98 1015.57 52.33 6 1 17 
0:0:11 14.54 0.00000000 0.00000000 -99.00 -99.00 0.00 0.48 1.57 18.98 1015.57 52.33 6 1 17 
0:0:12 14.74 0.00000000 0.00000000 -99.00 -99.00 0.00 0.48 1.67 18.98 1015.53 52.34 6 1 17 
0:0:12 14.94 0.00000000 0.00000000 -99.00 -99.00 0.00 0.48 1.67 18.99 1015.61 52.34 6 1 17 
0:0:12 15.14 0.00000000 0.00000000 -99.00 -99.00 0.00 0.49 1.77 18.98 1015.62 52.36 6 1 17 
0:0:12 15.34 0.00000000 0.00000000 -99.00 -99.00 0.00 0.49 1.77 18.98 1015.58 52.34 6 1 17 
0:0:12 15.54 0.00000000 0.00000000 -99.00 -99.00 0.00 0.49 1.86 18.98 1015.49 52.36 6 1 17 
0:0:13 15.74 0.00000000 0.00000000 -99.00 -99.00 0.00 0.49 1.86 18.98 1015.53 52.36 6 1 17 
0:0:13 15.94 0.00000000 0.00000000 -99.00 -99.00 0.00 0.49 1.77 18.97 1015.50 52.35 6 1 17 
0:0:13 16.15 0.00000000 0.00000000 -99.00 -99.00 0.00 0.49 1.86 18.97 1015.50 52.37 6 1 17 
0:0:13 16.35 0.00000000 0.00000000 -99.00 -99.00 0.00 0.50 1.96 18.98 1015.49 52.37 6 1 17 
0:0:13 16.55 0.00000000 0.00000000 -99.00 -99.00 0.00 0.50 2.06 18.97 1015.53 52.38 6 1 17 
0:0:14 16.75 0.00000000 0.00000000 -99.00 -99.00 0.00 0.50 2.06 18.97 1015.50 52.38 6 1 17 
0:0:14 16.95 0.00000000 0.00000000 -99.00 -99.00 0.00 0.51 2.16 18.96 1015.60 52.39 6 1 17 
0:0:14 17.15 0.00000000 0.00000000 -99.00 -99.00 0.00 0.52 2.35 18.96 1015.55 52.39 6 1 17 
0:0:14 17.35 0.00000000 0.00000000 -99.00 -99.00 0.00 0.52 2.45 18.97 1015.48 52.41 6 1 17 
0:0:14 17.55 0.00000000 0.00000000 -99.00 -99.00 0.00 0.52 2.45 18.96 1015.51 52.39 6 1 17 
0:0:15 17.75 0.00000000 0.00000000 -99.00 -99.00 0.00 0.54 2.74 18.96 1015.52 52.40 6 1 17 
0:0:15 17.96 0.00000000 0.00000000 -99.00 -99.00 0.00 0.56 3.23 18.95 1015.48 52.40 6 1 17 
0:0:15 18.16 0.00000000 0.00000000 -99.00 -99.00 0.00 0.58 3.52 18.95 1015.54 52.41 6 1 17 
0:0:15 18.36 0.00000000 0.00000000 -99.00 -99.00 0.00 0.59 3.72 18.95 1015.58 52.41 6 1 17 
0:0:15 18.56 0.00000000 0.00000000 -99.00 -99.00 0.00 0.59 3.72 18.96 1015.53 52.41 6 1 17 
0:0:16 18.76 0.00000000 0.00000000 -99.00 -99.00 0.00 0.58 3.62 18.95 1015.49 52.41 6 1 17 
0:0:16 18.96 0.00000000 0.00000000 -99.00 -99.00 0.00 0.57 3.33 18.95 1015.57 52.42 6 1 17 
0:0:16 19.16 0.00000000 0.00000000 -99.00 -99.00 0.00 0.56 3.23 18.95 1015.46 52.42 6 1 17 
0:0:16 19.36 0.00000000 0.00000000 -99.00 -99.00 0.00 0.56 3.23 18.95 1015.54 52.42 6 1 17 
0:0:16 19.56 0.00000000 0.00000000 -99.00 -99.00 0.00 0.56 3.23 18.94 1015.58 52.43 6 1 17 
0:0:17 19.77 0.00000000 0.00000000 -99.00 -99.00 0.00 0.56 3.23 18.94 1015.50 52.40 6 1 17 
0:0:17 19.97 0.00000000 0.00000000 -99.00 -99.00 0.00 0.55 2.94 18.94 1015.52 52.43 6 1 17 
0:0:17 20.17 0.00000000 0.00000000 -99.00 -99.00 0.00 0.54 2.84 18.94 1015.45 52.43 6 1 17 
0:0:17 20.37 0.00000000 0.00000000 -99.00 -99.00 0.00 0.53 2.64 18.94 1015.46 52.44 6 1 17 
0:0:17 20.57 0.00000000 0.00000000 -99.00 -99.00 0.00 0.53 2.55 18.94 1015.53 52.43 6 1 17 
0:0:18 20.77 0.00000000 0.00000000 -99.00 -99.00 0.00 0.52 2.45 18.94 1015.51 52.44 6 1 17 
0:0:18 20.97 0.00000000 0.00000000 -99.00 -99.00 0.00 0.52 2.35 18.94 1015.51 52.45 6 1 17 
0:0:18 21.17 0.00000000 0.00000000 -99.00 -99.00 0.00 0.52 2.35 18.94 1015.61 52.45 6 1 17 
0:0:18 21.38 0.00000000 0.00000000 -99.00 -99.00 0.00 0.52 2.35 18.94 1015.55 52.45 6 1 17 
0:0:18 21.58 0.00000000 0.00000000 -99.00 -99.00 0.00 0.52 2.35 18.94 1015.61 52.46 6 1 17 
0:0:19 21.78 0.00000000 0.00000000 -99.00 -99.00 0.00 0.51 2.16 18.93 1015.60 52.46 6 1 17 
0:0:19 21.98 0.00000000 0.00000000 -99.00 -99.00 0.00 0.49 1.86 18.93 1015.55 52.46 6 1 17 
0:0:19 22.18 0.00000000 0.00000000 -99.00 -99.00 0.00 0.49 1.86 18.92 1015.50 52.42 6 1 17 
0:0:19 22.38 0.00000000 0.00000000 -99.00 -99.00 0.00 0.49 1.77 18.92 1015.40 52.47 6 1 17 
0:0:19 22.58 0.00000000 0.00000000 -99.00 -99.00 0.00 0.47 1.38 18.92 1015.42 52.49 6 1 17 
0:0:20 22.78 0.00000000 0.00000000 -99.00 -99.00 0.00 0.46 1.28 18.93 1015.50 52.49 6 1 17 
0:0:20 22.98 0.00000000 0.00000000 -99.00 -99.00 0.00 0.47 1.47 18.93 1015.56 52.49 6 1 17 
0:0:20 23.19 0.00000000 0.00000000 -99.00 -99.00 0.00 0.48 1.57 18.93 1015.56 52.49 6 1 17 
0:0:20 23.39 0.00000000 0.00000000 -99.00 -99.00 0.00 0.48 1.57 18.93 1015.53 52.50 6 1 17 
0:0:20 23.59 0.00000000 0.00000000 -99.00 -99.00 0.00 0.47 1.47 18.93 1015.55 52.49 6 1 17 
0:0:21 23.79 0.00000000 0.00000000 -99.00 -99.00 0.00 0.47 1.38 18.93 1015.51 52.49 6 1 17 
0:0:21 23.99 0.00000000 0.00000000 -99.00 -99.00 0.00 0.47 1.38 18.93 1015.53 52.50 6 1 17 
0:0:21 24.19 0.00000000 0.00000000 -99.00 -99.00 0.00 0.48 1.57 18.93 1015.58 52.50 6 1 17 
0:0:21 24.39 0.00000000 0.00000000 -99.00 -99.00 0.00 0.48 1.57 18.93 1015.45 52.50 6 1 17 
0:0:21 24.59 0.00000000 0.00000000 -99.00 -99.00 0.00 0.48 1.67 18.92 1015.51 52.50 6 1 17 
0:0:22 24.79 0.00000000 0.00000000 -99.00 -99.00 0.00 0.47 1.38 18.92 1015.57 52.50 6 1 17 
0:0:22 25.00 0.00000000 0.00000000 -99.00 -99.00 0.00 0.46 1.28 18.93 1015.43 52.50 6 1 17 
0:0:22 25.20 0.00000000 0.00000000 -99.00 -99.00 0.00 0.46 1.28 18.93 1015.43 52.50 6 1 17 
0:0:22 25.40 0.00000000 0.00000000 -99.00 -99.00 0.00 0.47 1.38 18.93 1015.45 52.50 6 1 17 
0:0:22 25.60 0.00000000 0.00000000 -99.00 -99.00 0.00 0.47 1.38 18.93 1015.47 52.50 6 1 17 
0:0:23 25.80 0.00000000 0.00000000 -99.00 -99.00 0.00 0.48 1.67 18.93 1015.48 52.50 6 1 17 
0:0:23 26.00 0.00000000 0.00000000 -99.00 -99.00 0.00 0.49 1.77 18.92 1015.46 52.51 6 1 17 
0:0:23 26.20 0.00000000 0.00000000 -99.00 -99.00 0.00 0.49 1.86 18.93 1015.51 52.51 6 1 17 
0:0:23 26.40 0.00000000 0.00000000 -99.00 -99.00 0.00 0.49 1.86 18.92 1015.49 52.51 6 1 17 
0:0:23 26.60 0.00000000 0.00000000 -99.00 -99.00 0.00 0.49 1.86 18.92 1015.51 52.51 6 1 17 
0:0:24 26.81 0.00000000 0.00000000 -99.00 -99.00 0.00 0.49 1.77 18.92 1015.53 52.52 6 1 17 
0:0:24 27.01 0.00000000 0.00000000 -99.00 -99.00 0.00 0.49 1.86 18.92 1015.48 52.52 6 1 17 
0:0:24 27.21 0.00000000 0.00000000 -99.00 -99.00 0.00 0.51 2.25 18.92 1015.51 52.52 6 1 17 
0:0:24 27.41 0.00000000 0.00000000 -99.00 -99.00 0.00 0.52 2.45 18.92 1015.50 52.52 6 1 17 
0:0:24 27.61 0.00000000 0.00000000 -99.00 -99.00 0.00 0.53 2.55 18.91 1015.51 52.53 6 1 17 
0:0:25 27.81 0.00000000 0.00000000 -99.00 -99.00 0.00 0.53 2.64 18.92 1015.62 52.53 6 1 17 
0:0:25 28.01 0.00000000 0.00000000 -99.00 -99.00 0.00 0.54 2.74 18.92 1015.56 52.53 6 1 17 
0:0:25 28.21 0.00000000 0.00000000 -99.00 -99.00 0.00 0.53 2.64 18.91 1015.57 52.54 6 1 17 
0:0:25 28.42 0.00000000 0.00000000 -99.00 -99.00 0.00 0.54 2.74 18.91 1015.53 52.54 6 1 17 
0:0:25 28.62 0.00000000 0.00000000 -99.00 -99.00 0.00 0.54 2.74 18.91 1015.54 52.55 6 1 17 
0:0:26 28.82 0.00000000 0.00000000 -99.00 -99.00 0.00 0.54 2.74 18.90 1015.50 52.55 6 1 17 
0:0:26 29.02 0.00000000 0.00000000 -99.00 -99.00 0.00 0.54 2.84 18.91 1015.44 52.55 6 1 17 
0:0:26 29.22 0.00000000 0.00000000 -99.00 -99.00 0.00 0.55 2.94 18.90 1015.50 52.56 6 1 17 
0:0:26 29.42 0.00000000 0.00000000 -99.00 -99.00 0.00 0.55 2.94 18.90 1015.45 52.56 6 1 17 
0:0:26 29.62 0.00000000 0.00000000 -99.00 -99.00 0.00 0.56 3.13 18.90 1015.51 52.57 6 1 17 
0:0:27 29.82 0.00000000 0.00000000 -99.00 -99.00 0.00 0.56 3.13 18.90 1015.50 52.56 6 1 17 
0:0:27 30.02 0.00000000 0.00000000 -99.00 -99.00 0.00 0.54 2.84 18.90 1015.52 52.57 6 1 17 
0:0:27 30.23 0.00000000 0.00000000 -99.00 -99.00 0.00 0.53 2.64 18.91 1015.59 52.58 6 1 17 
0:0:27 30.43 0.00000000 0.00000000 -99.00 -99.00 0.00 0.53 2.55 18.90 1015.55 52.57 6 1 17 
0:0:27 30.63 0.00000000 0.00000000 -99.00 -99.00 0.00 0.52 2.45 18.90 1015.57 52.58 6 1 17 
0:0:28 30.83 0.00000000 0.00000000 -99.00 -99.00 0.00 0.51 2.16 18.90 1015.51 52.59 6 1 17 
0:0:28 31.03 0.00000000 0.00000000 -99.00 -99.00 0.00 0.50 2.06 18.89 1015.40 52.58 6 1 17 
0:0:28 31.23 0.00000000 0.00000000 -99.00 -99.00 0.00 0.50 1.96 18.89 1015.50 52.60 6 1 17 
0:0:28 31.43 0.00000000 0.00000000 -99.00 -99.00 0.00 0.49 1.86 18.89 1015.61 52.60 6 1 17 
0:0:28 31.63 0.00000000 0.00000000 -99.00 -99.00 0.00 0.50 2.06 18.89 1015.52 52.60 6 1 17 
0:0:29 31.83 0.00000000 0.00000000 -99.00 -99.00 0.00 0.51 2.16 18.89 1015.55 52.60 6 1 17 
0:0:29 32.04 0.00000000 0.00000000 -99.00 -99.00 0.00 0.51 2.25 18.89 1015.50 52.61 6 1 17 
0:0:29 32.24 0.00000000 0.00000000 -99.00 -99.00 0.00 0.51 2.25 18.89 1015.57 52.61 6 1 17 
0:0:29 32.44 0.00000000 0.00000000 -99.00 -99.00 0.00 0.52 2.35 18.88 1015.47 52.61 6 1 17 
0:0:29 32.64 0.00000000 0.00000000 -99.00 -99.00 0.00 0.52 2.35 18.88 1015.48 52.61 6 1 17 
0:0:29 32.84 0.00000000 0.00000000 -99.00 -99.00 0.00 0.51 2.25 18.88 1015.48 52.62 6 1 17 
0:0:29 33.04 0.00000000 0.00000000 -99.00 -99.00 0.00 0.51 2.16 18.88 1015.51 52.62 6 1 17 
0:0:29 33.24 0.00000000 0.00000000 -99.00 -99.00 0.00 0.50 2.06 18.88 1015.60 52.63 6 1 17 
0:0:29 33.44 0.00000000 0.00000000 -99.00 -99.00 0.00 0.50 2.06 18.88 1015.54 52.63 6 1 17 
0:0:29 33.65 0.00000000 0.00000000 -99.00 -99.00 0.00 0.50 2.06 18.88 1015.52 52.64 6 1 17 
0:0:29 33.85 0.00000000 0.00000000 -99.00 -99.00 0.00 0.50 2.06 18.87 1015.53 52.63 6 1 17 
0:0:29 34.05 0.00000000 0.00000000 -99.00 -99.00 0.00 0.50 2.06 18.87 1015.48 52.63 6 1 17 
0:0:29 34.25 0.00000000 0.00000000 -99.00 -99.00 0.00 0.50 2.06 18.87 1015.52 52.63 6 1 17 
0:0:29 34.45 0.00000000 0.00000000 -99.00 -99.00 0.00 0.50 2.06 18.88 1015.60 52.64 6 1 17 
0:0:29 34.65 0.00000000 0.00000000 -99.00 -99.00 0.00 0.51 2.16 18.88 1015.49 52.64 6 1 17 
0:0:29 34.85 0.00000000 0.00000000 -99.00 -99.00 0.00 0.51 2.16 18.88 1015.49 52.64 6 1 17 
0:0:29 35.05 0.00000000 0.00000000 -99.00 -99.00 0.00 0.50 1.96 18.88 1015.59 52.64 6 1 17 
0:0:29 35.25 0.00000000 0.00000000 -99.00 -99.00 0.00 0.50 1.96 18.87 1015.45 52.64 6 1 17 
0:0:29 35.46 0.00000000 0.00000000 -99.00 -99.00 0.00 0.50 1.96 18.87 1015.52 52.65 6 1 17 
0:0:29 35.66 0.00000000 0.00000000 -99.00 -99.00 0.00 0.50 1.96 18.87 1015.59 52.65 6 1 17 
0:0:29 35.86 0.00000000 0.00000000 -99.00 -99.00 0.00 0.49 1.86 18.87 1015.57 52.65 6 1 17 
0:0:29 36.06 0.00000000 0.00000000 -99.00 -99.00 0.00 0.49 1.77 18.87 1015.65 52.66 6 1 17 
0:0:29 36.26 0.00000000 0.00000000 -99.00 -99.00 0.00 0.49 1.77 18.86 1015.45 52.66 6 1 17 
0:0:29 36.46 0.00000000 0.00000000 -99.00 -99.00 0.00 0.49 1.86 18.86 1015.53 52.64 6 1 17 
0:0:29 36.66 0.00000000 0.00000000 -99.00 -99.00 0.00 0.50 1.96 18.87 1015.58 52.66 6 1 17 
0:0:29 36.86 0.00000000 0.00000000 -99.00 -99.00 0.00 0.50 2.06 18.87 1015.52 52.66 6 1 17 
0:0:29 37.06 0.00000000 0.00000000 -99.00 -99.00 0.00 0.50 2.06 18.87 1015.54 52.66 6 1 17 
0:0:29 37.27 0.00000000 0.00000000 -99.00 -99.00 0.00 0.50 1.96 18.87 1015.60 52.66 6 1 17 
0:0:29 37.47 0.00000000 0.00000000 -99.00 -99.00 0.00 0.49 1.77 18.86 1015.54 52.67 6 1 17 
0:0:29 37.67 0.00000000 0.00000000 -99.00 -99.00 0.00 0.49 1.77 18.86 1015.64 52.66 6 1 17 
0:0:34 37.87 0.00000000 0.00000000 -99.00 -99.00 0.00 0.48 1.57 18.86 1015.56 52.67 6 1 17 
0:0:34 38.07 0.00000000 0.00000000 -99.00 -99.00 0.00 0.48 1.57 18.86 1015.54 52.67 6 1 17 
0:0:34 38.27 0.00000000 0.00000000 -99.00 -99.00 0.00 0.48 1.67 18.85 1015.57 52.68 6 1 17 
0:0:34 38.47 0.00000000 0.00000000 -99.00 -99.00 0.00 0.47 1.47 18.85 1015.56 52.68 6 1 17 
0:0:34 38.67 0.00000000 0.00000000 -99.00 -99.00 0.00 0.45 1.08 18.85 1015.59 52.69 6 1 17 
0:0:35 38.88 0.00000000 0.00000500 -99.00 -99.00 0.00 0.45 1.08 18.85 1015.55 52.66 6 1 17 
0:0:35 39.08 0.00000000 0.00000500 -99.00 -99.00 0.00 0.45 1.08 18.85 1015.43 52.69 6 1 17 
0:0:35 39.28 0.00000000 0.00000500 -99.00 -99.00 0.00 0.45 0.98 18.85 1015.45 52.69 6 1 17 
0:0:35 39.48 0.00000000 0.00000500 -99.00 -99.00 0.00 0.45 0.98 18.85 1015.43 52.69 6 1 17 
0:0:35 39.68 0.00000000 0.00000500 -99.00 -99.00 0.00 0.46 1.28 18.85 1015.49 52.71 6 1 17 
0:0:36 39.88 0.00000000 0.00000000 -99.00 -99.00 0.00 0.47 1.47 18.85 1015.45 52.71 6 1 17 
0:0:36 40.08 0.00000000 0.00000000 -99.00 -99.00 0.00 0.48 1.67 18.85 1015.52 52.71 6 1 17 
0:0:36 40.28 0.00000000 0.00000000 -99.00 -99.00 0.00 0.50 2.06 18.86 1015.51 52.69 6 1 17 
0:0:36 40.49 0.00000000 0.00000000 -99.00 -99.00 0.00 0.51 2.25 18.85 1015.56 52.71 6 1 17 
0:0:36 40.69 0.00000000 0.00000000 -99.00 -99.00 0.00 0.53 2.55 18.85 1015.51 52.71 6 1 17 
0:0:37 40.89 0.00000000 0.00000000 -99.00 -99.00 0.00 0.53 2.64 18.85 1015.57 52.71 6 1 17 
0:0:37 41.09 0.00000000 0.00000000 -99.00 -99.00 0.00 0.54 2.84 18.85 1015.45 52.71 6 1 17 
0:0:37 41.29 0.00000000 0.00000000 -99.00 -99.00 0.00 0.55 2.94 18.85 1015.50 52.71 6 1 17 
0:0:37 41.49 0.00000000 0.00000000 -99.00 -99.00 0.00 0.56 3.13 18.85 1015.42 52.77 6 1 17 
0:0:38 41.70 0.00000000 0.00000000 -99.00 -99.00 0.00 0.57 3.33 18.85 1015.48 52.72 6 1 17 
0:0:39 41.90 0.00000000 0.00000000 -99.00 -99.00 0.00 0.57 3.43 18.85 1015.50 52.70 6 1 17 
0:0:39 42.10 0.00000000 0.00000000 -99.00 -99.00 0.00 0.56 3.23 18.85 1015.45 52.72 6 1 17 
0:0:39 42.30 0.00000000 0.00000000 -99.00 -99.00 0.00 0.56 3.13 18.85 1015.47 52.72 6 1 17 
0:0:39 42.50 0.00000000 0.00000000 -99.00 -99.00 0.00 0.55 2.94 18.85 1015.53 52.71 6 1 17 
0:0:40 42.70 0.00000000 0.00000000 -99.00 -99.00 0.00 0.53 2.55 18.85 1015.55 52.73 6 1 17 
0:0:40 42.90 0.00000000 0.00000000 -99.00 -99.00 0.00 0.52 2.35 18.84 1015.48 52.72 6 1 17 
0:0:40 43.11 0.00000000 0.00000000 -99.00 -99.00 0.00 0.51 2.25 18.85 1015.56 52.72 6 1 17 
0:0:40 43.31 0.00000000 0.00000000 -99.00 -99.00 0.00 0.50 2.06 18.84 1015.54 52.72 6 1 17 
0:0:40 43.51 0.00000000 0.00000000 -99.00 -99.00 0.00 0.50 2.06 18.84 1015.57 52.72 6 1 17 
0:0:41 43.71 0.00000000 0.00000000 -99.00 -99.00 0.00 0.50 1.96 18.84 1015.50 52.73 6 1 17 
0:0:41 43.91 0.00000000 0.00000000 -99.00 -99.00 0.00 0.50 1.96 18.84 1015.60 52.74 6 1 17 
0:0:41 44.11 0.00000000 0.00000000 -99.00 -99.00 0.00 0.49 1.77 18.84 1015.57 52.74 6 1 17 
0:0:41 44.31 0.00000000 0.00000000 -99.00 -99.00 0.00 0.48 1.57 18.84 1015.45 52.74 6 1 17 
0:0:41 44.51 0.00000000 0.00000000 -99.00 -99.00 0.00 0.49 1.86 18.84 1015.60 52.74 6 1 17 
0:0:42 44.72 0.00000000 0.00000000 -99.00 -99.00 0.00 0.51 2.25 18.83 1015.50 52.75 6 1 17 
0:0:42 44.92 0.00000000 0.00000000 -99.00 -99.00 0.00 0.53 2.55 18.83 1015.61 52.75 6 1 17 
0:0:42 45.12 0.00000000 0.00000000 -99.00 -99.00 0.00 0.53 2.64 18.83 1015.49 52.75 6 1 17 
0:0:42 45.32 0.00000000 0.00000000 -99.00 -99.00 0.00 0.53 2.64 18.83 1015.58 52.76 6 1 17 
0:0:42 45.52 0.00000000 0.00000000 -99.00 -99.00 0.00 0.54 2.74 18.83 1015.54 52.76 6 1 17 
0:0:43 45.72 0.00000000 0.00000000 -99.00 -99.00 0.00 0.54 2.74 18.83 1015.61 52.76 6 1 17 
0:0:43 45.92 0.00000000 0.00000000 -99.00 -99.00 0.00 0.54 2.84 18.82 1015.48 52.76 6 1 17 
0:0:43 46.12 0.00000000 0.00000000 -99.00 -99.00 0.00 0.55 3.04 18.83 1015.41 52.76 6 1 17 
0:0:43 46.33 0.00000000 0.00000000 -99.00 -99.00 0.00 0.55 3.04 18.83 1015.51 52.76 6 1 17 
0:0:43 46.53 0.00000000 0.00000000 -99.00 -99.00 0.00 0.55 3.04 18.83 1015.50 52.76 6 1 17 
0:0:44 46.73 0.00000000 0.00000000 -99.00 -99.00 0.00 0.55 2.94 18.83 1015.43 52.76 6 1 17 
0:0:44 46.93 0.00000000 0.00000000 -99.00 -99.00 0.00 0.54 2.74 18.83 1015.50 52.77 6 1 17 
0:0:44 47.13 0.00000000 0.00000000 -99.00 -99.00 0.00 0.53 2.55 18.82 1015.61 52.77 6 1 17 
0:0:44 47.33 0.00000000 0.00000000 -99.00 -99.00 0.00 0.52 2.35 18.82 1015.64 52.77 6 1 17 
0:0:44 47.53 0.00000000 0.00000000 -99.00 -99.00 0.00 0.51 2.25 18.83 1015.66 52.78 6 1 17 
0:0:45 47.73 0.00000000 0.00000000 -99.00 -99.00 0.00 0.51 2.25 18.82 1015.51 52.78 6 1 17 
0:0:45 47.94 0.00000000 0.00000000 -99.00 -99.00 0.00 0.48 1.57 18.82 1015.47 52.78 6 1 17 
0:0:45 48.14 0.00000000 0.00000000 -99.00 -99.00 0.00 0.46 1.28 18.83 1015.46 52.78 6 1 17 
0:0:45 48.34 0.00000000 0.00000000 -99.00 -99.00 0.00 0.46 1.18 18.83 1015.56 52.77 6 1 17 
0:0:45 48.54 0.00000000 0.00000000 -99.00 -99.00 0.00 0.46 1.28 18.82 1015.49 52.78 6 1 17 
0:0:46 48.74 0.00000000 0.00000000 -99.00 -99.00 0.00 0.46 1.28 18.82 1015.46 52.78 6 1 17 
0:0:46 48.94 0.00000000 0.00000000 -99.00 -99.00 0.00 0.48 1.67 18.82 1015.43 52.78 6 1 17 
0:0:46 49.14 0.00000000 0.00000000 -99.00 -99.00 0.00 0.49 1.86 18.82 1015.51 52.79 6 1 17 
0:0:46 49.34 0.00000000 0.00000000 -99.00 -99.00 0.00 0.51 2.16 18.82 1015.43 52.79 6 1 17 
0:0:46 49.54 0.00000000 0.00000000 -99.00 -99.00 0.00 0.51 2.25 18.82 1015.39 52.79 6 1 17 
0:0:47 49.75 0.00000000 0.00000000 -99.00 -99.00 0.00 0.52 2.45 18.82 1015.40 52.79 6 1 17 
0:0:47 49.95 0.00000000 0.00000000 -99.00 -99.00 0.00 0.54 2.84 18.82 1015.41 52.79 6 1 17 
0:0:47 50.15 0.00000000 0.00000000 -99.00 -99.00 0.00 0.55 3.04 18.82 1015.46 52.79 6 1 17 
0:0:47 50.35 0.00000000 0.00000000 -99.00 -99.00 0.00 0.57 3.33 18.82 1015.50 52.79 6 1 17 
0:0:47 50.55 0.00000000 0.00000000 -99.00 -99.00 0.00 0.57 3.33 18.82 1015.52 52.79 6 1 17 
0:0:48 50.75 0.00000000 0.00000000 -99.00 -99.00 0.00 0.56 3.23 18.82 1015.51 52.79 6 1 17 
0:0:48 50.95 0.00000000 0.00000000 -99.00 -99.00 0.00 0.55 2.94 18.83 1015.53 52.79 6 1 17 
0:0:48 51.15 0.00000000 0.00000000 -99.00 -99.00 0.00 0.54 2.74 18.83 1015.43 52.82 6 1 17 
0:0:48 51.35 0.00000000 0.00000000 -99.00 -99.00 0.00 0.53 2.64 18.82 1015.43 52.79 6 1 17 
0:0:48 51.55 0.00000000 0.00000000 -99.00 -99.00 0.00 0.53 2.64 18.82 1015.42 52.79 6 1 17 
0:0:49 51.76 0.00000000 0.00000000 -99.00 -99.00 0.00 0.54 2.84 18.82 1015.44 52.79 6 1 17 
0:0:49 51.96 0.00000000 0.00000000 -99.00 -99.00 0.00 0.55 3.04 18.82 1015.46 52.79 6 1 17 
0:0:49 52.16 0.00000000 0.00000000 -99.00 -99.00 0.00 0.56 3.23 18.82 1015.48 52.79 6 1 17 
0:0:49 52.36 0.00000000 0.00000000 -99.00 -99.00 0.00 0.56 3.23 18.82 1015.47 52.78 6 1 17 
0:0:49 52.56 0.00000000 0.00000000 -99.00 -99.00 0.00 0.56 3.23 18.82 1015.49 52.79 6 1 17 
0:0:50 52.76 0.00000000 0.00000000 -99.00 -99.00 0.00 0.56 3.23 18.82 1015.47 52.78 6 1 17 
0:0:50 52.96 0.00000000 0.00000000 -99.00 -99.00 0.00 0.55 3.04 18.82 1015.51 52.78 6 1 17 
0:0:50 53.16 0.00000000 0.00000000 -99.00 -99.00 0.00 0.53 2.64 18.81 1015.53 52.78 6 1 17 
0:0:50 53.36 0.00000000 0.00000000 -99.00 -99.00 0.00 0.53 2.55 18.81 1015.50 52.78 6 1 17 
0:0:50 53.56 0.00000000 0.00000000 -99.00 -99.00 0.00 0.53 2.55 18.81 1015.52 52.77 6 1 17 
0:0:51 53.77 0.00000000 0.00000000 -99.00 -99.00 0.00 0.54 2.74 18.81 1015.58 52.79 6 1 17 
0:0:51 53.97 0.00000000 0.00000000 -99.00 -99.00 0.00 0.55 3.04 18.82 1015.43 52.79 6 1 17 
0:0:51 54.17 0.00000000 0.00000000 -99.00 -99.00 0.00 0.56 3.23 18.82 1015.51 52.79 6 1 17 
0:0:51 54.37 0.00000000 0.00000000 -99.00 -99.00 0.00 0.57 3.33 18.81 1015.52 52.79 6 1 17 
0:0:51 54.57 0.00000000 0.00000000 -99.00 -99.00 0.00 0.57 3.33 18.82 1015.63 52.79 6 1 17 
0:0:52 54.77 0.00000000 0.00000000 -99.00 -99.00 0.00 0.57 3.33 18.82 1015.47 52.80 6 1 17 
0:0:52 54.97 0.00000000 0.00000000 -99.00 -99.00 0.00 0.57 3.33 18.82 1015.56 52.79 6 1 17 
0:0:52 55.17 0.00000000 0.00000000 -99.00 -99.00 0.00 0.56 3.23 18.81 1015.49 52.80 6 1 17 
0:0:52 55.38 0.00000000 0.00000000 -99.00 -99.00 0.00 0.56 3.13 18.81 1015.49 52.80 6 1 17 
0:0:52 55.58 0.00000000 0.00000000 -99.00 -99.00 0.00 0.55 3.04 18.81 1015.50 52.79 6 1 17 
0:0:53 55.78 0.00000000 0.00000000 -99.00 -99.00 0.00 0.55 3.04 18.82 1015.51 52.80 6 1 17 
0:0:53 55.98 0.00000000 0.00000000 -99.00 -99.00 0.00 0.55 3.04 18.82 1015.39 52.79 6 1 17 
0:0:53 56.18 0.00000000 0.00000000 -99.00 -99.00 0.00 0.55 3.04 18.82 1015.47 52.80 6 1 17 
0:0:53 56.38 0.00000000 0.00000000 -99.00 -99.00 0.00 0.55 2.94 18.81 1015.46 52.80 6 1 17 
0:0:53 56.58 0.00000000 0.00000000 -99.00 -99.00 0.00 0.55 2.94 18.82 1015.55 52.80 6 1 17 
0:0:54 56.78 0.00000000 0.00000000 -99.00 -99.00 0.00 0.54 2.84 18.81 1015.56 52.80 6 1 17 
0:0:54 56.98 0.00000000 0.00000000 -99.00 -99.00 0.00 0.54 2.74 18.82 1015.45 52.80 6 1 17 
0:0:54 57.19 0.00000000 0.00000000 -99.00 -99.00 0.00 0.53 2.64 18.81 1015.59 52.80 6 1 17 
0:0:54 57.39 0.00000000 0.00000000 -99.00 -99.00 0.00 0.54 2.74 18.81 1015.51 52.80 6 1 17 
0:0:54 57.59 0.00000000 0.00000000 -99.00 -99.00 0.00 0.54 2.74 18.81 1015.59 52.80 6 1 17 
0:0:55 57.79 0.00000000 0.00000000 -99.00 -99.00 0.00 0.54 2.74 18.81 1015.58 52.80 6 1 17 
0:0:55 57.99 0.00000000 0.00000000 -99.00 -99.00 0.00 0.53 2.64 18.81 1015.49 52.80 6 1 17 
0:0:55 58.19 0.00000000 0.00000000 -99.00 -99.00 0.00 0.53 2.64 18.80 1015.55 52.80 6 1 17 
0:0:55 58.39 0.00000000 0.00000000 -99.00 -99.00 0.00 0.53 2.64 18.81 1015.54 52.80 6 1 17 
0:0:55 58.59 0.00000000 0.00000000 -99.00 -99.00 0.00 0.54 2.84 18.81 1015.59 52.81 6 1 17 
0:0:56 58.79 0.00000000 0.00000000 -99.00 -99.00 0.00 0.54 2.84 18.80 1015.43 52.81 6 1 17 
0:0:56 59.00 0.00000000 0.00000000 -99.00 -99.00 0.00 0.55 2.94 18.81 1015.51 52.81 6 1 17 
0:0:56 59.20 0.00000000 0.00000000 -99.00 -99.00 0.00 0.55 2.94 18.81 1015.60 52.81 6 1 17 
0:0:56 59.40 0.00000000 0.00000000 -99.00 -99.00 0.00 0.55 2.94 18.81 1015.56 52.83 6 1 17 
0:0:56 59.60 0.00000000 0.00000000 -99.00 -99.00 0.00 0.55 2.94 18.81 1015.60 52.83 6 1 17 
0:0:57 59.80 0.00000000 0.00000000 -99.00 -99.00 0.00 0.55 2.94 18.81 1015.48 52.83 6 1 17 
0:0:57 60.00 0.00000000 0.00000000 -99.00 -99.00 0.00 0.53 2.55 18.81 1015.51 52.83 6 1 17 
0:0:57 60.20 0.00000000 0.00000000 -99.00 -99.00 0.00 0.51 2.25 18.80 1015.43 52.83 6 1 17 
0:0:57 60.40 0.00000000 0.00000000 -99.00 -99.00 0.00 0.51 2.16 18.80 1015.54 52.81 6 1 17 
0:0:57 60.61 0.00000000 0.00000000 -99.00 -99.00 0.00 0.49 1.86 18.80 1015.59 52.83 6 1 17 
0:0:58 60.81 0.00000000 0.00000000 -99.00 -99.00 0.00 0.49 1.77 18.80 1015.58 52.83 6 1 17 
0:0:58 61.01 0.00000000 0.00000000 -99.00 -99.00 0.00 0.48 1.67 18.80 1015.60 52.82 6 1 17 
0:0:58 61.21 0.00000000 0.00000000 -99.00 -99.00 0.00 0.48 1.67 18.80 1015.55 52.83 6 1 17 
0:0:58 61.41 0.00000000 0.00000000 -99.00 -99.00 0.00 0.50 1.96 18.80 1015.66 52.83 6 1 17 
0:0:58 61.61 0.00000000 0.00000000 -99.00 -99.00 0.00 0.51 2.25 18.80 1015.50 52.83 6 1 17 
0:0:59 61.81 0.00000000 0.00000000 -99.00 -99.00 0.00 0.53 2.55 18.80 1015.59 52.83 6 1 17 
0:0:59 62.01 0.00000000 0.00000000 -99.00 -99.00 0.00 0.53 2.64 18.80 1015.57 52.84 6 1 17 
0:0:59 62.21 0.00000000 0.00000000 -99.00 -99.00 0.00 0.53 2.64 18.80 1015.59 52.84 6 1 17 
0:0:59 62.42 0.00000000 0.00000000 -99.00 -99.00 0.00 0.54 2.84 18.80 1015.56 52.82 6 1 17 
